-5.1457094356e-05 2.5340384309e-04 -1.0786115416e-03 4.7755665756e-03 -1.2118215027e-02 -9.0155018826e-03 -9.4381868246e-03 -9.3727216176e-03 -9.3727216176e-03 -9.4381868246e-03 -9.0155018826e-03 -1.2118215027e-02 4.7755665756e-03 -1.0786115416e-03 2.5340384309e-04 -5.1457094358e-05
2.5340384309e-04 -1.1707490010e-03 4.5270753776e-03 -1.8295875748e-02 4.2521637640e-02 3.0177916514e-02 3.2245531755e-02 3.1819271093e-02 3.1819271093e-02 3.2245531755e-02 3.0177916514e-02 4.2521637640e-02 -1.8295875748e-02 4.5270753776e-03 -1.1707490010e-03 2.5340384309e-04
-1.0786115416e-03 4.5270753776e-03 -1.4799395363e-02 4.9577923795e-02 -9.2849769995e-02 -5.7592464177e-02 -6.5658824007e-02 -6.3463335025e-02 -6.3463335025e-02 -6.5658824007e-02 -5.7592464177e-02 -9.2849769995e-02 4.9577923795e-02 -1.4799395363e-02 4.5270753776e-03 -1.0786115416e-03
4.7755665756e-03 -1.8295875748e-02 4.9577923795e-02 -1.2749869050e-01 1.3902578119e-01 5.2284511567e-02 7.8980574321e-02 7.0204158359e-02 7.0204158359e-02 7.8980574321e-02 5.2284511567e-02 1.3902578119e-01 -1.2749869050e-01 4.9577923795e-02 -1.8295875748e-02 4.7755665756e-03
-1.2118215027e-02 4.2521637640e-02 -9.2849769995e-02 1.3902578119e-01 9.2628906409e-01 9.6864617770e-01 9.6370946347e-01 9.6507752740e-01 9.6507752740e-01 9.6370946347e-01 9.6864617770e-01 9.2628906409e-01 1.3902578119e-01 -9.2849769995e-02 4.2521637640e-02 -1.2118215027e-02
-9.0155018826e-03 3.0177916514e-02 -5.7592464177e-02 5.2284511567e-02 9.6864617770e-01 1.0098165651e+00 1.0041635725e+00 1.0055091972e+00 1.0055091972e+00 1.0041635725e+00 1.0098165651e+00 9.6864617770e-01 5.2284511567e-02 -5.7592464177e-02 3.0177916514e-02 -9.0155018826e-03
-9.4381868246e-03 3.2245531755e-02 -6.5658824007e-02 7.8980574321e-02 9.6370946347e-01 1.0041635725e+00 9.9831292826e-01 9.9954000152e-01 9.9954000152e-01 9.9831292826e-01 1.0041635725e+00 9.6370946347e-01 7.8980574321e-02 -6.5658824007e-02 3.2245531755e-02 -9.4381868246e-03
-9.3727216176e-03 3.1819271093e-02 -6.3463335025e-02 7.0204158359e-02 9.6507752740e-01 1.0055091972e+00 9.9954000152e-01 1.0007901626e+00 1.0007901626e+00 9.9954000152e-01 1.0055091972e+00 9.6507752740e-01 7.0204158359e-02 -6.3463335025e-02 3.1819271093e-02 -9.3727216176e-03
-9.3727216176e-03 3.1819271093e-02 -6.3463335025e-02 7.0204158359e-02 9.6507752740e-01 1.0055091972e+00 9.9954000152e-01 1.0007901626e+00 1.0007901626e+00 9.9954000152e-01 1.0055091972e+00 9.6507752740e-01 7.0204158359e-02 -6.3463335025e-02 3.1819271093e-02 -9.3727216176e-03
-9.4381868246e-03 3.2245531755e-02 -6.5658824007e-02 7.8980574321e-02 9.6370946347e-01 1.0041635725e+00 9.9831292826e-01 9.9954000152e-01 9.9954000152e-01 9.9831292826e-01 1.0041635725e+00 9.6370946347e-01 7.8980574321e-02 -6.5658824007e-02 3.2245531755e-02 -9.4381868246e-03
-9.0155018826e-03 3.0177916514e-02 -5.7592464177e-02 5.2284511567e-02 9.6864617770e-01 1.0098165651e+00 1.0041635725e+00 1.0055091972e+00 1.0055091972e+00 1.0041635725e+00 1.0098165651e+00 9.6864617770e-01 5.2284511567e-02 -5.7592464177e-02 3.0177916514e-02 -9.0155018826e-03
-1.2118215027e-02 4.2521637640e-02 -9.2849769995e-02 1.3902578119e-01 9.2628906409e-01 9.6864617770e-01 9.6370946347e-01 9.6507752740e-01 9.6507752740e-01 9.6370946347e-01 9.6864617770e-01 9.2628906409e-01 1.3902578119e-01 -9.2849769995e-02 4.2521637640e-02 -1.2118215027e-02
4.7755665756e-03 -1.8295875748e-02 4.9577923795e-02 -1.2749869050e-01 1.3902578119e-01 5.2284511567e-02 7.8980574321e-02 7.0204158359e-02 7.0204158359e-02 7.8980574321e-02 5.2284511567e-02 1.3902578119e-01 -1.2749869050e-01 4.9577923795e-02 -1.8295875748e-02 4.7755665756e-03
-1.0786115416e-03 4.5270753776e-03 -1.4799395363e-02 4.9577923795e-02 -9.2849769995e-02 -5.7592464177e-02 -6.5658824007e-02 -6.3463335025e-02 -6.3463335025e-02 -6.5658824007e-02 -5.7592464177e-02 -9.2849769995e-02 4.9577923795e-02 -1.4799395363e-02 4.5270753775e-03 -1.0786115416e-03
2.5340384309e-04 -1.1707490010e-03 4.5270753776e-03 -1.8295875748e-02 4.2521637640e-02 3.0177916514e-02 3.2245531755e-02 3.1819271093e-02 3.1819271093e-02 3.2245531755e-02 3.0177916514e-02 4.2521637640e-02 -1.8295875748e-02 4.5270753776e-03 -1.1707490010e-03 2.5340384309e-04
-5.1457094359e-05 2.5340384309e-04 -1.0786115416e-03 4.7755665756e-03 -1.2118215027e-02 -9.0155018826e-03 -9.4381868246e-03 -9.3727216176e-03 -9.3727216176e-03 -9.4381868246e-03 -9.0155018826e-03 -1.2118215027e-02 4.7755665756e-03 -1.0786115416e-03 2.5340384308e-04 -5.1457094358e-05
