-1.5150215318e-05 -2.7039967250e-05 2.2641683195e-04 -1.3313788564e-04 -8.5887297029e-04 -2.2146115440e-04 2.0237019584e-03 4.8007987462e-03 7.2582637384e-03 9.1554821766e-03 1.0978211317e-02 1.1968807827e-02 1.1749573034e-02 1.1404595316e-02 1.1484708111e-02 1.1525100516e-02 1.1525100516e-02 1.1484708111e-02 1.1404595316e-02 1.1749573034e-02 1.1968807827e-02 1.0978211317e-02 9.1554821766e-03 7.2582637384e-03 4.8007987462e-03 2.0237019584e-03 -2.2146115440e-04 -8.5887297029e-04 -1.3313788564e-04 2.2641683195e-04 -2.7039967249e-05 -1.5150215318e-05
-2.7039967250e-05 2.7932789003e-04 -7.2483229826e-04 -2.9404454314e-04 3.1603005481e-03 2.5889155059e-03 -5.5262771975e-03 -1.6817434869e-02 -2.6980592587e-02 -3.4859003082e-02 -4.1513435725e-02 -4.4105636908e-02 -4.2647704042e-02 -4.1761310853e-02 -4.2205136725e-02 -4.2203413174e-02 -4.2203413174e-02 -4.2205136725e-02 -4.1761310853e-02 -4.2647704042e-02 -4.4105636908e-02 -4.1513435725e-02 -3.4859003082e-02 -2.6980592587e-02 -1.6817434869e-02 -5.5262771975e-03 2.5889155059e-03 3.1603005481e-03 -2.9404454314e-04 -7.2483229826e-04 2.7932789003e-04 -2.7039967250e-05
2.2641683195e-04 -7.2483229826e-04 3.7521564170e-04 3.2493992842e-03 -4.9769833795e-03 -1.2062207531e-02 2.9135717704e-03 3.2191296962e-02 6.0058066869e-02 8.0745601294e-02 9.4157533648e-02 9.5360393988e-02 9.0774638136e-02 9.0560530308e-02 9.1469726907e-02 9.1166304299e-02 9.1166304299e-02 9.1469726907e-02 9.0560530308e-02 9.0774638136e-02 9.5360393988e-02 9.4157533648e-02 8.0745601294e-02 6.0058066869e-02 3.2191296962e-02 2.9135717704e-03 -1.2062207531e-02 -4.9769833795e-03 3.2493992842e-03 3.7521564170e-04 -7.2483229826e-04 2.2641683195e-04
-1.3313788564e-04 -2.9404454314e-04 3.2493992842e-03 -7.4225484940e-03 -3.3594259569e-03 3.0573165632e-02 2.4740741806e-02 -3.3237545432e-02 -9.7019546660e-02 -1.3867038770e-01 -1.5363334691e-01 -1.4443913223e-01 -1.3796612767e-01 -1.4083209401e-01 -1.4092197883e-01 -1.4057640745e-01 -1.4057640745e-01 -1.4092197883e-01 -1.4083209401e-01 -1.3796612767e-01 -1.4443913223e-01 -1.5363334691e-01 -1.3867038770e-01 -9.7019546660e-02 -3.3237545432e-02 2.4740741806e-02 3.0573165632e-02 -3.3594259569e-03 -7.4225484940e-03 3.2493992842e-03 -2.9404454314e-04 -1.3313788564e-04
-8.5887297029e-04 3.1603005481e-03 -4.9769833795e-03 -3.3594259569e-03 3.3128395224e-02 -2.7024922765e-02 -9.8777280241e-02 -3.5838664035e-02 7.3575733287e-02 1.2901156303e-01 1.1991531187e-01 9.4688061596e-02 9.7066428427e-02 1.0036462813e-01 9.8827540347e-02 9.9171216246e-02 9.9171216246e-02 9.8827540347e-02 1.0036462813e-01 9.7066428427e-02 9.4688061596e-02 1.1991531187e-01 1.2901156303e-01 7.3575733287e-02 -3.5838664035e-02 -9.8777280241e-02 -2.7024922765e-02 3.3128395224e-02 -3.3594259569e-03 -4.9769833795e-03 3.1603005481e-03 -8.5887297029e-04
-2.2146115440e-04 2.5889155059e-03 -1.2062207531e-02 3.0573165632e-02 -2.7024922765e-02 -7.8595528006e-02 1.5044038713e-01 2.2712831950e-01 1.2676205827e-01 9.6318807507e-02 1.5303638332e-01 1.6507032289e-01 1.5587184971e-01 1.5784137809e-01 1.5773353804e-01 1.5768364667e-01 1.5768364667e-01 1.5773353804e-01 1.5784137809e-01 1.5587184971e-01 1.6507032289e-01 1.5303638332e-01 9.6318807507e-02 1.2676205827e-01 2.2712831950e-01 1.5044038713e-01 -7.8595528006e-02 -2.7024922765e-02 3.0573165632e-02 -1.2062207531e-02 2.5889155059e-03 -2.2146115440e-04
2.0237019584e-03 -5.5262771975e-03 2.9135717704e-03 2.4740741806e-02 -9.8777280241e-02 1.5044038713e-01 1.0320388786e-01 -3.9815467115e-01 -5.1614673125e-01 -6.0174385987e-01 -6.4079099200e-01 -6.3924830338e-01 -6.3901331503e-01 -6.3841964717e-01 -6.3884907385e-01 -6.3865791154e-01 -6.3865791154e-01 -6.3884907385e-01 -6.3841964717e-01 -6.3901331503e-01 -6.3924830338e-01 -6.4079099200e-01 -6.0174385987e-01 -5.1614673125e-01 -3.9815467115e-01 1.0320388786e-01 1.5044038713e-01 -9.8777280241e-02 2.4740741806e-02 2.9135717704e-03 -5.5262771975e-03 2.0237019584e-03
4.8007987462e-03 -1.6817434869e-02 3.2191296962e-02 -3.3237545432e-02 -3.5838664035e-02 2.2712831950e-01 -3.9815467115e-01 -1.2419935348e-01 6.0907733720e-01 6.7819840674e-01 6.4902640993e-01 6.4908246712e-01 6.5147553868e-01 6.5143204438e-01 6.5109214748e-01 6.5119744060e-01 6.5119744060e-01 6.5109214748e-01 6.5143204438e-01 6.5147553868e-01 6.4908246712e-01 6.4902640993e-01 6.7819840674e-01 6.0907733720e-01 -1.2419935348e-01 -3.9815467115e-01 2.2712831950e-01 -3.5838664035e-02 -3.3237545432e-02 3.2191296962e-02 -1.6817434869e-02 4.8007987462e-03
7.2582637384e-03 -2.6980592587e-02 6.0058066869e-02 -9.7019546660e-02 7.3575733287e-02 1.2676205827e-01 -5.1614673125e-01 6.0907733720e-01 8.6723316659e-01 8.7663422284e-01 8.9460379743e-01 8.9565570106e-01 9.0000904614e-01 8.9841441416e-01 8.9928938652e-01 8.9883893570e-01 8.9883893570e-01 8.9928938652e-01 8.9841441416e-01 9.0000904614e-01 8.9565570106e-01 8.9460379743e-01 8.7663422284e-01 8.6723316659e-01 6.0907733720e-01 -5.1614673125e-01 1.2676205827e-01 7.3575733287e-02 -9.7019546660e-02 6.0058066869e-02 -2.6980592587e-02 7.2582637384e-03
9.1554821766e-03 -3.4859003082e-02 8.0745601294e-02 -1.3867038770e-01 1.2901156303e-01 9.6318807507e-02 -6.0174385987e-01 6.7819840674e-01 8.7663422284e-01 8.8954791399e-01 9.2542441256e-01 9.3081828994e-01 9.3687286555e-01 9.3532033743e-01 9.3638349762e-01 9.3582477900e-01 9.3582477900e-01 9.3638349762e-01 9.3532033743e-01 9.3687286555e-01 9.3081828994e-01 9.2542441256e-01 8.8954791399e-01 8.7663422284e-01 6.7819840674e-01 -6.0174385987e-01 9.6318807507e-02 1.2901156303e-01 -1.3867038770e-01 8.0745601294e-02 -3.4859003082e-02 9.1554821766e-03
1.0978211317e-02 -4.1513435725e-02 9.4157533648e-02 -1.5363334691e-01 1.1991531187e-01 1.5303638332e-01 -6.4079099200e-01 6.4902640993e-01 8.9460379743e-01 9.2542441256e-01 9.6787367746e-01 9.7639105446e-01 9.8314387696e-01 9.8186592785e-01 9.8289912009e-01 9.8234947047e-01 9.8234947047e-01 9.8289912009e-01 9.8186592785e-01 9.8314387696e-01 9.7639105446e-01 9.6787367746e-01 9.2542441256e-01 8.9460379743e-01 6.4902640993e-01 -6.4079099200e-01 1.5303638332e-01 1.1991531187e-01 -1.5363334691e-01 9.4157533648e-02 -4.1513435725e-02 1.0978211317e-02
1.1968807827e-02 -4.4105636908e-02 9.5360393988e-02 -1.4443913223e-01 9.4688061596e-02 1.6507032289e-01 -6.3924830338e-01 6.4908246712e-01 8.9565570106e-01 9.3081828994e-01 9.7639105446e-01 9.8638812377e-01 9.9369888631e-01 9.9254179331e-01 9.9357634699e-01 9.9301785785e-01 9.9301785785e-01 9.9357634699e-01 9.9254179331e-01 9.9369888631e-01 9.8638812377e-01 9.7639105446e-01 9.3081828994e-01 8.9565570106e-01 6.4908246712e-01 -6.3924830338e-01 1.6507032289e-01 9.4688061596e-02 -1.4443913223e-01 9.5360393988e-02 -4.4105636908e-02 1.1968807827e-02
1.1749573034e-02 -4.2647704042e-02 9.0774638136e-02 -1.3796612767e-01 9.7066428427e-02 1.5587184971e-01 -6.3901331503e-01 6.5147553868e-01 9.0000904614e-01 9.3687286555e-01 9.8314387696e-01 9.9369888631e-01 1.0010939897e+00 9.9999452202e-01 1.0010045951e+00 1.0004516190e+00 1.0004516190e+00 1.0010045951e+00 9.9999452202e-01 1.0010939897e+00 9.9369888631e-01 9.8314387696e-01 9.3687286555e-01 9.0000904614e-01 6.5147553868e-01 -6.3901331503e-01 1.5587184971e-01 9.7066428427e-02 -1.3796612767e-01 9.0774638136e-02 -4.2647704042e-02 1.1749573034e-02
1.1404595316e-02 -4.1761310853e-02 9.0560530308e-02 -1.4083209401e-01 1.0036462813e-01 1.5784137809e-01 -6.3841964717e-01 6.5143204438e-01 8.9841441416e-01 9.3532033743e-01 9.8186592785e-01 9.9254179331e-01 9.9999452202e-01 9.9889689367e-01 9.9990205535e-01 9.9934657023e-01 9.9934657023e-01 9.9990205535e-01 9.9889689367e-01 9.9999452202e-01 9.9254179331e-01 9.8186592785e-01 9.3532033743e-01 8.9841441416e-01 6.5143204438e-01 -6.3841964717e-01 1.5784137809e-01 1.0036462813e-01 -1.4083209401e-01 9.0560530308e-02 -4.1761310853e-02 1.1404595316e-02
1.1484708111e-02 -4.2205136725e-02 9.1469726907e-02 -1.4092197883e-01 9.8827540347e-02 1.5773353804e-01 -6.3884907385e-01 6.5109214748e-01 8.9928938652e-01 9.3638349762e-01 9.8289912009e-01 9.9357634699e-01 1.0010045951e+00 9.9990205535e-01 1.0009039295e+00 1.0003489952e+00 1.0003489952e+00 1.0009039295e+00 9.9990205535e-01 1.0010045951e+00 9.9357634699e-01 9.8289912009e-01 9.3638349762e-01 8.9928938652e-01 6.5109214748e-01 -6.3884907385e-01 1.5773353804e-01 9.8827540347e-02 -1.4092197883e-01 9.1469726907e-02 -4.2205136725e-02 1.1484708111e-02
1.1525100516e-02 -4.2203413174e-02 9.1166304299e-02 -1.4057640745e-01 9.9171216246e-02 1.5768364667e-01 -6.3865791154e-01 6.5119744060e-01 8.9883893570e-01 9.3582477900e-01 9.8234947047e-01 9.9301785785e-01 1.0004516190e+00 9.9934657023e-01 1.0003489952e+00 9.9979345910e-01 9.9979345910e-01 1.0003489952e+00 9.9934657023e-01 1.0004516190e+00 9.9301785785e-01 9.8234947047e-01 9.3582477900e-01 8.9883893570e-01 6.5119744060e-01 -6.3865791154e-01 1.5768364667e-01 9.9171216246e-02 -1.4057640745e-01 9.1166304299e-02 -4.2203413174e-02 1.1525100516e-02
1.1525100516e-02 -4.2203413174e-02 9.1166304299e-02 -1.4057640745e-01 9.9171216246e-02 1.5768364667e-01 -6.3865791154e-01 6.5119744060e-01 8.9883893570e-01 9.3582477900e-01 9.8234947047e-01 9.9301785785e-01 1.0004516190e+00 9.9934657023e-01 1.0003489952e+00 9.9979345910e-01 9.9979345910e-01 1.0003489952e+00 9.9934657023e-01 1.0004516190e+00 9.9301785785e-01 9.8234947047e-01 9.3582477900e-01 8.9883893570e-01 6.5119744060e-01 -6.3865791154e-01 1.5768364667e-01 9.9171216246e-02 -1.4057640745e-01 9.1166304299e-02 -4.2203413174e-02 1.1525100516e-02
1.1484708111e-02 -4.2205136725e-02 9.1469726907e-02 -1.4092197883e-01 9.8827540347e-02 1.5773353804e-01 -6.3884907385e-01 6.5109214748e-01 8.9928938652e-01 9.3638349762e-01 9.8289912009e-01 9.9357634699e-01 1.0010045951e+00 9.9990205535e-01 1.0009039295e+00 1.0003489952e+00 1.0003489952e+00 1.0009039295e+00 9.9990205535e-01 1.0010045951e+00 9.9357634699e-01 9.8289912009e-01 9.3638349762e-01 8.9928938652e-01 6.5109214748e-01 -6.3884907385e-01 1.5773353804e-01 9.8827540347e-02 -1.4092197883e-01 9.1469726907e-02 -4.2205136725e-02 1.1484708111e-02
1.1404595316e-02 -4.1761310853e-02 9.0560530308e-02 -1.4083209401e-01 1.0036462813e-01 1.5784137809e-01 -6.3841964717e-01 6.5143204438e-01 8.9841441416e-01 9.3532033743e-01 9.8186592785e-01 9.9254179331e-01 9.9999452202e-01 9.9889689367e-01 9.9990205535e-01 9.9934657023e-01 9.9934657023e-01 9.9990205535e-01 9.9889689367e-01 9.9999452202e-01 9.9254179331e-01 9.8186592785e-01 9.3532033743e-01 8.9841441416e-01 6.5143204438e-01 -6.3841964717e-01 1.5784137809e-01 1.0036462813e-01 -1.4083209401e-01 9.0560530308e-02 -4.1761310853e-02 1.1404595316e-02
1.1749573034e-02 -4.2647704042e-02 9.0774638136e-02 -1.3796612767e-01 9.7066428427e-02 1.5587184971e-01 -6.3901331503e-01 6.5147553868e-01 9.0000904614e-01 9.3687286555e-01 9.8314387696e-01 9.9369888631e-01 1.0010939897e+00 9.9999452202e-01 1.0010045951e+00 1.0004516190e+00 1.0004516190e+00 1.0010045951e+00 9.9999452202e-01 1.0010939897e+00 9.9369888631e-01 9.8314387696e-01 9.3687286555e-01 9.0000904614e-01 6.5147553868e-01 -6.3901331503e-01 1.5587184971e-01 9.7066428427e-02 -1.3796612767e-01 9.0774638136e-02 -4.2647704042e-02 1.1749573034e-02
1.1968807827e-02 -4.4105636908e-02 9.5360393988e-02 -1.4443913223e-01 9.4688061596e-02 1.6507032289e-01 -6.3924830338e-01 6.4908246712e-01 8.9565570106e-01 9.3081828994e-01 9.7639105446e-01 9.8638812377e-01 9.9369888631e-01 9.9254179331e-01 9.9357634699e-01 9.9301785785e-01 9.9301785785e-01 9.9357634699e-01 9.9254179331e-01 9.9369888631e-01 9.8638812377e-01 9.7639105446e-01 9.3081828994e-01 8.9565570106e-01 6.4908246712e-01 -6.3924830338e-01 1.6507032289e-01 9.4688061596e-02 -1.4443913223e-01 9.5360393988e-02 -4.4105636908e-02 1.1968807827e-02
1.0978211317e-02 -4.1513435725e-02 9.4157533648e-02 -1.5363334691e-01 1.1991531187e-01 1.5303638332e-01 -6.4079099200e-01 6.4902640993e-01 8.9460379743e-01 9.2542441256e-01 9.6787367746e-01 9.7639105446e-01 9.8314387696e-01 9.8186592785e-01 9.8289912009e-01 9.8234947047e-01 9.8234947047e-01 9.8289912009e-01 9.8186592785e-01 9.8314387696e-01 9.7639105446e-01 9.6787367746e-01 9.2542441256e-01 8.9460379743e-01 6.4902640993e-01 -6.4079099200e-01 1.5303638332e-01 1.1991531187e-01 -1.5363334691e-01 9.4157533648e-02 -4.1513435725e-02 1.0978211317e-02
9.1554821766e-03 -3.4859003082e-02 8.0745601294e-02 -1.3867038770e-01 1.2901156303e-01 9.6318807507e-02 -6.0174385987e-01 6.7819840674e-01 8.7663422284e-01 8.8954791399e-01 9.2542441256e-01 9.3081828994e-01 9.3687286555e-01 9.3532033743e-01 9.3638349762e-01 9.3582477900e-01 9.3582477900e-01 9.3638349762e-01 9.3532033743e-01 9.3687286555e-01 9.3081828994e-01 9.2542441256e-01 8.8954791399e-01 8.7663422284e-01 6.7819840674e-01 -6.0174385987e-01 9.6318807507e-02 1.2901156303e-01 -1.3867038770e-01 8.0745601294e-02 -3.4859003082e-02 9.1554821766e-03
7.2582637384e-03 -2.6980592587e-02 6.0058066869e-02 -9.7019546660e-02 7.3575733287e-02 1.2676205827e-01 -5.1614673125e-01 6.0907733720e-01 8.6723316659e-01 8.7663422284e-01 8.9460379743e-01 8.9565570106e-01 9.0000904614e-01 8.9841441416e-01 8.9928938652e-01 8.9883893570e-01 8.9883893570e-01 8.9928938652e-01 8.9841441416e-01 9.0000904614e-01 8.9565570106e-01 8.9460379743e-01 8.7663422284e-01 8.6723316659e-01 6.0907733720e-01 -5.1614673125e-01 1.2676205827e-01 7.3575733287e-02 -9.7019546660e-02 6.0058066869e-02 -2.6980592587e-02 7.2582637384e-03
4.8007987462e-03 -1.6817434869e-02 3.2191296962e-02 -3.3237545432e-02 -3.5838664035e-02 2.2712831950e-01 -3.9815467115e-01 -1.2419935348e-01 6.0907733720e-01 6.7819840674e-01 6.4902640993e-01 6.4908246712e-01 6.5147553868e-01 6.5143204438e-01 6.5109214748e-01 6.5119744060e-01 6.5119744060e-01 6.5109214748e-01 6.5143204438e-01 6.5147553868e-01 6.4908246712e-01 6.4902640993e-01 6.7819840674e-01 6.0907733720e-01 -1.2419935348e-01 -3.9815467115e-01 2.2712831950e-01 -3.5838664035e-02 -3.3237545432e-02 3.2191296962e-02 -1.6817434869e-02 4.8007987462e-03
2.0237019584e-03 -5.5262771975e-03 2.9135717704e-03 2.4740741806e-02 -9.8777280241e-02 1.5044038713e-01 1.0320388786e-01 -3.9815467115e-01 -5.1614673125e-01 -6.0174385987e-01 -6.4079099200e-01 -6.3924830338e-01 -6.3901331503e-01 -6.3841964717e-01 -6.3884907385e-01 -6.3865791154e-01 -6.3865791154e-01 -6.3884907385e-01 -6.3841964717e-01 -6.3901331503e-01 -6.3924830338e-01 -6.4079099200e-01 -6.0174385987e-01 -5.1614673125e-01 -3.9815467115e-01 1.0320388786e-01 1.5044038713e-01 -9.8777280241e-02 2.4740741806e-02 2.9135717704e-03 -5.5262771975e-03 2.0237019584e-03
-2.2146115440e-04 2.5889155059e-03 -1.2062207531e-02 3.0573165632e-02 -2.7024922765e-02 -7.8595528006e-02 1.5044038713e-01 2.2712831950e-01 1.2676205827e-01 9.6318807507e-02 1.5303638332e-01 1.6507032289e-01 1.5587184971e-01 1.5784137809e-01 1.5773353804e-01 1.5768364667e-01 1.5768364667e-01 1.5773353804e-01 1.5784137809e-01 1.5587184971e-01 1.6507032289e-01 1.5303638332e-01 9.6318807507e-02 1.2676205827e-01 2.2712831950e-01 1.5044038713e-01 -7.8595528006e-02 -2.7024922765e-02 3.0573165632e-02 -1.2062207531e-02 2.5889155059e-03 -2.2146115440e-04
-8.5887297029e-04 3.1603005481e-03 -4.9769833795e-03 -3.3594259569e-03 3.3128395224e-02 -2.7024922765e-02 -9.8777280241e-02 -3.5838664035e-02 7.3575733287e-02 1.2901156303e-01 1.1991531187e-01 9.4688061596e-02 9.7066428427e-02 1.0036462813e-01 9.8827540347e-02 9.9171216246e-02 9.9171216246e-02 9.8827540347e-02 1.0036462813e-01 9.7066428427e-02 9.4688061596e-02 1.1991531187e-01 1.2901156303e-01 7.3575733287e-02 -3.5838664035e-02 -9.8777280241e-02 -2.7024922765e-02 3.3128395224e-02 -3.3594259569e-03 -4.9769833795e-03 3.1603005481e-03 -8.5887297029e-04
-1.3313788564e-04 -2.9404454314e-04 3.2493992842e-03 -7.4225484940e-03 -3.3594259569e-03 3.0573165632e-02 2.4740741806e-02 -3.3237545432e-02 -9.7019546660e-02 -1.3867038770e-01 -1.5363334691e-01 -1.4443913223e-01 -1.3796612767e-01 -1.4083209401e-01 -1.4092197883e-01 -1.4057640745e-01 -1.4057640745e-01 -1.4092197883e-01 -1.4083209401e-01 -1.3796612767e-01 -1.4443913223e-01 -1.5363334691e-01 -1.3867038770e-01 -9.7019546660e-02 -3.3237545432e-02 2.4740741806e-02 3.0573165632e-02 -3.3594259569e-03 -7.4225484940e-03 3.2493992842e-03 -2.9404454314e-04 -1.3313788564e-04
2.2641683195e-04 -7.2483229826e-04 3.7521564169e-04 3.2493992842e-03 -4.9769833795e-03 -1.2062207531e-02 2.9135717704e-03 3.2191296962e-02 6.0058066869e-02 8.0745601294e-02 9.4157533648e-02 9.5360393988e-02 9.0774638136e-02 9.0560530308e-02 9.1469726907e-02 9.1166304299e-02 9.1166304299e-02 9.1469726907e-02 9.0560530308e-02 9.0774638136e-02 9.5360393988e-02 9.4157533648e-02 8.0745601294e-02 6.0058066869e-02 3.2191296962e-02 2.9135717704e-03 -1.2062207531e-02 -4.9769833795e-03 3.2493992842e-03 3.7521564169e-04 -7.2483229826e-04 2.2641683195e-04
-2.7039967249e-05 2.7932789003e-04 -7.2483229826e-04 -2.9404454314e-04 3.1603005481e-03 2.5889155059e-03 -5.5262771975e-03 -1.6817434869e-02 -2.6980592587e-02 -3.4859003082e-02 -4.1513435725e-02 -4.4105636908e-02 -4.2647704042e-02 -4.1761310853e-02 -4.2205136725e-02 -4.2203413174e-02 -4.2203413174e-02 -4.2205136725e-02 -4.1761310853e-02 -4.2647704042e-02 -4.4105636908e-02 -4.1513435725e-02 -3.4859003082e-02 -2.6980592587e-02 -1.6817434869e-02 -5.5262771975e-03 2.5889155059e-03 3.1603005481e-03 -2.9404454314e-04 -7.2483229826e-04 2.7932789003e-04 -2.7039967249e-05
-1.5150215317e-05 -2.7039967249e-05 2.2641683195e-04 -1.3313788564e-04 -8.5887297029e-04 -2.2146115440e-04 2.0237019584e-03 4.8007987462e-03 7.2582637384e-03 9.1554821766e-03 1.0978211317e-02 1.1968807827e-02 1.1749573034e-02 1.1404595316e-02 1.1484708111e-02 1.1525100516e-02 1.1525100516e-02 1.1484708111e-02 1.1404595316e-02 1.1749573034e-02 1.1968807827e-02 1.0978211317e-02 9.1554821766e-03 7.2582637384e-03 4.8007987462e-03 2.0237019584e-03 -2.2146115440e-04 -8.5887297029e-04 -1.3313788564e-04 2.2641683195e-04 -2.7039967249e-05 -1.5150215317e-05
