3.7720188559e-05 -4.0756383768e-05 -1.0845879473e-04 -5.7994507039e-05 1.3320618515e-04 3.4613914927e-04 3.7580212225e-04 7.6581853356e-05 -5.1464538458e-04 -1.1785664867e-03 -1.6318987687e-03 -1.6681549091e-03 -1.2294326223e-03 -3.8788558323e-04 7.2387771067e-04 1.9632161157e-03 3.2118960036e-03 4.3891852348e-03 5.4193391778e-03 6.2220922180e-03 6.7239948065e-03 6.8859488614e-03 6.7371175304e-03 6.3882917616e-03 6.0031596122e-03 5.7313961650e-03 5.6405566788e-03 5.6939234133e-03 5.7927955726e-03 5.8521485974e-03 5.8523270891e-03 5.8311212788e-03 5.8311212788e-03 5.8523270891e-03 5.8521485974e-03 5.7927955726e-03 5.6939234133e-03 5.6405566788e-03 5.7313961650e-03 6.0031596122e-03 6.3882917616e-03 6.7371175304e-03 6.8859488614e-03 6.7239948065e-03 6.2220922180e-03 5.4193391778e-03 4.3891852348e-03 3.2118960036e-03 1.9632161157e-03 7.2387771067e-04 -3.8788558323e-04 -1.2294326223e-03 -1.6681549091e-03 -1.6318987687e-03 -1.1785664867e-03 -5.1464538458e-04 7.6581853356e-05 3.7580212225e-04 3.4613914927e-04 1.3320618515e-04 -5.7994507037e-05 -1.0845879473e-04 -4.0756383770e-05 3.7720188557e-05
-4.0756383768e-05 -2.8504649210e-05 4.0723804747e-05 1.4845177446e-04 1.6265511573e-04 -4.7228543275e-05 -4.3277618644e-04 -7.2670780336e-04 -6.0660996204e-04 7.5929976634e-05 1.1917883971e-03 2.4183762228e-03 3.4229001986e-03 4.0075774852e-03 4.1419445648e-03 3.9547643532e-03 3.6465022203e-03 3.3846374849e-03 3.3163506954e-03 3.5368037025e-03 4.0527033370e-03 4.7692210496e-03 5.5091146155e-03 6.0788596103e-03 6.3586952427e-03 6.3617475133e-03 6.2142780152e-03 6.0664800777e-03 6.0019360454e-03 6.0143667301e-03 6.0534710516e-03 6.0798275370e-03 6.0798275370e-03 6.0534710516e-03 6.0143667301e-03 6.0019360454e-03 6.0664800777e-03 6.2142780152e-03 6.3617475133e-03 6.3586952427e-03 6.0788596103e-03 5.5091146155e-03 4.7692210496e-03 4.0527033370e-03 3.5368037025e-03 3.3163506954e-03 3.3846374849e-03 3.6465022203e-03 3.9547643532e-03 4.1419445648e-03 4.0075774852e-03 3.4229001986e-03 2.4183762228e-03 1.1917883971e-03 7.5929976637e-05 -6.0660996204e-04 -7.2670780336e-04 -4.3277618644e-04 -4.7228543273e-05 1.6265511573e-04 1.4845177447e-04 4.0723804747e-05 -2.8504649211e-05 -4.0756383769e-05
-1.0845879473e-04 4.0723804747e-05 2.2552803223e-04 2.2753564667e-04 -1.1933343973e-04 -6.7520122760e-04 -9.5106978094e-04 -4.4441973356e-04 9.0559409565e-04 2.5741023672e-03 3.7473779981e-03 3.7887716037e-03 2.5115059019e-03 1.4210034107e-04 -2.8822097810e-03 -6.1813459054e-03 -9.4946589732e-03 -1.2585288795e-02 -1.5267935153e-02 -1.7362089589e-02 -1.8692146024e-02 -1.9167834055e-02 -1.8877144348e-02 -1.8117721479e-02 -1.7305097248e-02 -1.6784405152e-02 -1.6667592698e-02 -1.6822576280e-02 -1.7019114332e-02 -1.7104778280e-02 -1.7075896865e-02 -1.7021890928e-02 -1.7021890928e-02 -1.7075896865e-02 -1.7104778280e-02 -1.7019114332e-02 -1.6822576280e-02 -1.6667592698e-02 -1.6784405152e-02 -1.7305097248e-02 -1.8117721479e-02 -1.8877144348e-02 -1.9167834055e-02 -1.8692146024e-02 -1.7362089589e-02 -1.5267935153e-02 -1.2585288795e-02 -9.4946589732e-03 -6.1813459054e-03 -2.8822097810e-03 1.4210034107e-04 2.5115059019e-03 3.7887716037e-03 3.7473779981e-03 2.5741023672e-03 9.0559409565e-04 -4.4441973356e-04 -9.5106978094e-04 -6.7520122759e-04 -1.1933343972e-04 2.2753564667e-04 2.2552803223e-04 4.0723804745e-05 -1.0845879473e-04
-5.7994507039e-05 1.4845177447e-04 2.2753564667e-04 -1.0851040752e-04 -6.7208452010e-04 -7.9882279611e-04 6.8466525896e-05 1.6954035930e-03 2.9926030997e-03 2.7248346745e-03 3.7358389686e-04 -3.5743224630e-03 -8.0341161488e-03 -1.1993259460e-02 -1.4975779485e-02 -1.7003180817e-02 -1.8440618998e-02 -1.9854962617e-02 -2.1666234925e-02 -2.4007694914e-02 -2.6685701834e-02 -2.9230613479e-02 -3.1097840412e-02 -3.1950824311e-02 -3.1864223149e-02 -3.1283427065e-02 -3.0739641473e-02 -3.0528110771e-02 -3.0603420454e-02 -3.0745789354e-02 -3.0806238688e-02 -3.0798840131e-02 -3.0798840131e-02 -3.0806238688e-02 -3.0745789354e-02 -3.0603420454e-02 -3.0528110771e-02 -3.0739641473e-02 -3.1283427065e-02 -3.1864223149e-02 -3.1950824311e-02 -3.1097840412e-02 -2.9230613479e-02 -2.6685701834e-02 -2.4007694914e-02 -2.1666234925e-02 -1.9854962617e-02 -1.8440618998e-02 -1.7003180817e-02 -1.4975779485e-02 -1.1993259460e-02 -8.0341161488e-03 -3.5743224630e-03 3.7358389686e-04 2.7248346745e-03 2.9926030997e-03 1.6954035930e-03 6.8466525896e-05 -7.9882279611e-04 -6.7208452010e-04 -1.0851040752e-04 2.2753564667e-04 1.4845177446e-04 -5.7994507040e-05
1.3320618515e-04 1.6265511573e-04 -1.1933343973e-04 -6.7208452010e-04 -7.3506144656e-04 3.9531699760e-04 2.2245873424e-03 3.0096616902e-03 1.1472584709e-03 -3.2957334486e-03 -8.4037124894e-03 -1.1667883478e-02 -1.1478744926e-02 -7.7197708365e-03 -1.3334907215e-03 6.3050341004e-03 1.3979487216e-02 2.0920557424e-02 2.6513648784e-02 3.0229203265e-02 3.1750861614e-02 3.1193601234e-02 2.9246067241e-02 2.6997902317e-02 2.5446533530e-02 2.4993843432e-02 2.5337761961e-02 2.5852474371e-02 2.6107667731e-02 2.6075790442e-02 2.5947049585e-02 2.5865455774e-02 2.5865455774e-02 2.5947049585e-02 2.6075790442e-02 2.6107667731e-02 2.5852474371e-02 2.5337761961e-02 2.4993843432e-02 2.5446533530e-02 2.6997902317e-02 2.9246067241e-02 3.1193601234e-02 3.1750861614e-02 3.0229203265e-02 2.6513648784e-02 2.0920557424e-02 1.3979487216e-02 6.3050341004e-03 -1.3334907215e-03 -7.7197708365e-03 -1.1478744926e-02 -1.1667883478e-02 -8.4037124894e-03 -3.2957334486e-03 1.1472584709e-03 3.0096616902e-03 2.2245873424e-03 3.9531699760e-04 -7.3506144656e-04 -6.7208452010e-04 -1.1933343973e-04 1.6265511572e-04 1.3320618515e-04
3.4613914927e-04 -4.7228543274e-05 -6.7520122759e-04 -7.9882279611e-04 3.9531699760e-04 2.3460968031e-03 2.7879008002e-03 -2.1818480143e-04 -5.7650002621e-03 -1.0048501108e-02 -9.1009826368e-03 -1.6400604021e-03 1.0459471923e-02 2.3910822474e-02 3.6057140033e-02 4.6031893271e-02 5.4393206518e-02 6.2059440726e-02 6.9759837787e-02 7.7529567915e-02 8.4596328580e-02 8.9787713337e-02 9.2260350700e-02 9.2143727270e-02 9.0580862886e-02 8.9035187971e-02 8.8383730004e-02 8.8561549064e-02 8.8977351313e-02 8.9174276019e-02 8.9111535035e-02 8.8993701000e-02 8.8993701000e-02 8.9111535035e-02 8.9174276019e-02 8.8977351313e-02 8.8561549064e-02 8.8383730004e-02 8.9035187971e-02 9.0580862886e-02 9.2143727270e-02 9.2260350700e-02 8.9787713337e-02 8.4596328580e-02 7.7529567915e-02 6.9759837787e-02 6.2059440726e-02 5.4393206518e-02 4.6031893271e-02 3.6057140033e-02 2.3910822474e-02 1.0459471923e-02 -1.6400604021e-03 -9.1009826368e-03 -1.0048501108e-02 -5.7650002621e-03 -2.1818480143e-04 2.7879008002e-03 2.3460968031e-03 3.9531699760e-04 -7.9882279611e-04 -6.7520122760e-04 -4.7228543277e-05 3.4613914927e-04
3.7580212225e-04 -4.3277618644e-04 -9.5106978094e-04 6.8466525896e-05 2.2245873424e-03 2.7879008002e-03 -7.6668543902e-04 -6.9208144737e-03 -9.8812059483e-03 -4.3797881331e-03 9.2239197912e-03 2.4828805031e-02 3.5142405640e-02 3.6261249767e-02 2.8887020018e-02 1.6295503476e-02 2.2527479140e-03 -9.9030376526e-03 -1.7920798017e-02 -2.0708266413e-02 -1.8515670077e-02 -1.3083386807e-02 -7.1313808371e-03 -3.1212262761e-03 -1.9972893860e-03 -2.9125550410e-03 -4.2138883722e-03 -4.8000563246e-03 -4.6589989063e-03 -4.3537311435e-03 -4.2571949140e-03 -4.3093811768e-03 -4.3093811769e-03 -4.2571949140e-03 -4.3537311435e-03 -4.6589989063e-03 -4.8000563246e-03 -4.2138883722e-03 -2.9125550410e-03 -1.9972893860e-03 -3.1212262761e-03 -7.1313808371e-03 -1.3083386807e-02 -1.8515670077e-02 -2.0708266413e-02 -1.7920798017e-02 -9.9030376526e-03 2.2527479140e-03 1.6295503476e-02 2.8887020018e-02 3.6261249767e-02 3.5142405640e-02 2.4828805031e-02 9.2239197912e-03 -4.3797881331e-03 -9.8812059483e-03 -6.9208144736e-03 -7.6668543901e-04 2.7879008002e-03 2.2245873424e-03 6.8466525898e-05 -9.5106978094e-04 -4.3277618644e-04 3.7580212224e-04
7.6581853355e-05 -7.2670780336e-04 -4.4441973356e-04 1.6954035930e-03 3.0096616902e-03 -2.1818480143e-04 -6.9208144737e-03 -9.5915805509e-03 -1.1988420653e-03 1.5959975933e-02 3.0074703573e-02 2.9132881951e-02 9.8626756797e-03 -2.1830506009e-02 -5.7070749685e-02 -8.9429125721e-02 -1.1683478175e-01 -1.4025442932e-01 -1.6063143200e-01 -1.7744363782e-01 -1.8903910872e-01 -1.9414788024e-01 -1.9342889741e-01 -1.8965339429e-01 -1.8616654074e-01 -1.8483921624e-01 -1.8534070384e-01 -1.8624539903e-01 -1.8660991774e-01 -1.8647837363e-01 -1.8628394104e-01 -1.8621531048e-01 -1.8621531048e-01 -1.8628394104e-01 -1.8647837363e-01 -1.8660991774e-01 -1.8624539903e-01 -1.8534070384e-01 -1.8483921624e-01 -1.8616654074e-01 -1.8965339429e-01 -1.9342889741e-01 -1.9414788024e-01 -1.8903910872e-01 -1.7744363782e-01 -1.6063143200e-01 -1.4025442932e-01 -1.1683478175e-01 -8.9429125721e-02 -5.7070749685e-02 -2.1830506009e-02 9.8626756797e-03 2.9132881951e-02 3.0074703573e-02 1.5959975933e-02 -1.1988420653e-03 -9.5915805509e-03 -6.9208144736e-03 -2.1818480143e-04 3.0096616902e-03 1.6954035930e-03 -4.4441973357e-04 -7.2670780337e-04 7.6581853354e-05
-5.1464538458e-04 -6.0660996204e-04 9.0559409565e-04 2.9926030997e-03 1.1472584709e-03 -5.7650002621e-03 -9.8812059483e-03 -1.1988420653e-03 1.8058858540e-02 3.0382642874e-02 1.8325591103e-02 -1.8290853115e-02 -6.2272062358e-02 -9.4076078414e-02 -1.0506080106e-01 -9.9439660747e-02 -8.7303180473e-02 -7.7691845288e-02 -7.6162223538e-02 -8.3746575272e-02 -9.7124143442e-02 -1.1051706363e-01 -1.1889653736e-01 -1.2077574703e-01 -1.1850791316e-01 -1.1581711652e-01 -1.1483099919e-01 -1.1527186145e-01 -1.1589785646e-01 -1.1605795071e-01 -1.1590076300e-01 -1.1575302700e-01 -1.1575302700e-01 -1.1590076300e-01 -1.1605795071e-01 -1.1589785646e-01 -1.1527186145e-01 -1.1483099919e-01 -1.1581711652e-01 -1.1850791316e-01 -1.2077574703e-01 -1.1889653736e-01 -1.1051706363e-01 -9.7124143442e-02 -8.3746575272e-02 -7.6162223538e-02 -7.7691845288e-02 -8.7303180473e-02 -9.9439660747e-02 -1.0506080106e-01 -9.4076078414e-02 -6.2272062358e-02 -1.8290853115e-02 1.8325591103e-02 3.0382642874e-02 1.8058858540e-02 -1.1988420653e-03 -9.8812059483e-03 -5.7650002621e-03 1.1472584709e-03 2.9926030997e-03 9.0559409565e-04 -6.0660996204e-04 -5.1464538458e-04
-1.1785664867e-03 7.5929976635e-05 2.5741023672e-03 2.7248346745e-03 -3.2957334486e-03 -1.0048501108e-02 -4.3797881331e-03 1.5959975933e-02 3.0382642874e-02 1.3570959735e-02 -3.3354307720e-02 -7.8070251568e-02 -8.5993660596e-02 -4.8147049360e-02 1.9064412804e-02 9.3302442075e-02 1.5976412651e-01 2.1210384874e-01 2.4869693237e-01 2.6914840969e-01 2.7464330941e-01 2.6957674437e-01 2.6088109018e-01 2.5473193037e-01 2.5332868222e-01 2.5484385120e-01 2.5639263846e-01 2.5671890400e-01 2.5632171599e-01 2.5602414940e-01 2.5604964393e-01 2.5617145823e-01 2.5617145823e-01 2.5604964393e-01 2.5602414940e-01 2.5632171599e-01 2.5671890400e-01 2.5639263846e-01 2.5484385120e-01 2.5332868222e-01 2.5473193037e-01 2.6088109018e-01 2.6957674437e-01 2.7464330941e-01 2.6914840969e-01 2.4869693237e-01 2.1210384874e-01 1.5976412651e-01 9.3302442075e-02 1.9064412804e-02 -4.8147049360e-02 -8.5993660596e-02 -7.8070251568e-02 -3.3354307720e-02 1.3570959735e-02 3.0382642874e-02 1.5959975933e-02 -4.3797881331e-03 -1.0048501108e-02 -3.2957334486e-03 2.7248346745e-03 2.5741023672e-03 7.5929976633e-05 -1.1785664867e-03
-1.6318987687e-03 1.1917883971e-03 3.7473779981e-03 3.7358389686e-04 -8.4037124894e-03 -9.1009826368e-03 9.2239197912e-03 3.0074703573e-02 1.8325591103e-02 -3.3354307720e-02 -8.0729037034e-02 -6.8511394077e-02 1.2589303088e-02 1.2026176546e-01 2.0611618697e-01 2.5316538034e-01 2.7425638248e-01 2.9015858070e-01 3.1187364550e-01 3.3774690338e-01 3.5961834735e-01 3.7102043172e-01 3.7190132303e-01 3.6759383575e-01 3.6394263974e-01 3.6320674031e-01 3.6414511800e-01 3.6489770672e-01 3.6492153512e-01 3.6468387315e-01 3.6459907244e-01 3.6464349387e-01 3.6464349387e-01 3.6459907244e-01 3.6468387315e-01 3.6492153512e-01 3.6489770672e-01 3.6414511800e-01 3.6320674031e-01 3.6394263974e-01 3.6759383575e-01 3.7190132303e-01 3.7102043172e-01 3.5961834735e-01 3.3774690338e-01 3.1187364550e-01 2.9015858070e-01 2.7425638248e-01 2.5316538034e-01 2.0611618697e-01 1.2026176546e-01 1.2589303088e-02 -6.8511394077e-02 -8.0729037034e-02 -3.3354307720e-02 1.8325591103e-02 3.0074703573e-02 9.2239197912e-03 -9.1009826368e-03 -8.4037124894e-03 3.7358389686e-04 3.7473779981e-03 1.1917883971e-03 -1.6318987687e-03
-1.6681549091e-03 2.4183762228e-03 3.7887716037e-03 -3.5743224630e-03 -1.1667883478e-02 -1.6400604021e-03 2.4828805031e-02 2.9132881951e-02 -1.8290853115e-02 -7.8070251568e-02 -6.8511394077e-02 3.5197895460e-02 1.5985082633e-01 2.1321790430e-01 1.7063627452e-01 7.1999516604e-02 -2.9790432099e-02 -1.0202266049e-01 -1.3416335111e-01 -1.3255360551e-01 -1.1346420176e-01 -9.4317638964e-02 -8.5166781659e-02 -8.5602453668e-02 -8.9370871013e-02 -9.1513227553e-02 -9.1356038753e-02 -9.0550263022e-02 -9.0245617405e-02 -9.0373450679e-02 -9.0502784806e-02 -9.0515767025e-02 -9.0515767025e-02 -9.0502784806e-02 -9.0373450679e-02 -9.0245617405e-02 -9.0550263022e-02 -9.1356038753e-02 -9.1513227553e-02 -8.9370871013e-02 -8.5602453668e-02 -8.5166781659e-02 -9.4317638964e-02 -1.1346420176e-01 -1.3255360551e-01 -1.3416335111e-01 -1.0202266049e-01 -2.9790432099e-02 7.1999516604e-02 1.7063627452e-01 2.1321790430e-01 1.5985082633e-01 3.5197895460e-02 -6.8511394077e-02 -7.8070251568e-02 -1.8290853115e-02 2.9132881951e-02 2.4828805031e-02 -1.6400604021e-03 -1.1667883478e-02 -3.5743224630e-03 3.7887716037e-03 2.4183762228e-03 -1.6681549091e-03
-1.2294326223e-03 3.4229001986e-03 2.5115059019e-03 -8.0341161488e-03 -1.1478744926e-02 1.0459471923e-02 3.5142405640e-02 9.8626756797e-03 -6.2272062358e-02 -8.5993660596e-02 1.2589303088e-02 1.5985082633e-01 2.0045424727e-01 7.3218411695e-02 -1.4071701058e-01 -3.2561281618e-01 -4.4629327958e-01 -5.2144301458e-01 -5.6728483062e-01 -5.8930368741e-01 -5.9337724636e-01 -5.8874587907e-01 -5.8382397145e-01 -5.8231606061e-01 -5.8328395810e-01 -5.8441612097e-01 -5.8467446399e-01 -5.8442190333e-01 -5.8423327031e-01 -5.8423737427e-01 -5.8429035928e-01 -5.8430940073e-01 -5.8430940073e-01 -5.8429035928e-01 -5.8423737427e-01 -5.8423327031e-01 -5.8442190333e-01 -5.8467446399e-01 -5.8441612097e-01 -5.8328395810e-01 -5.8231606061e-01 -5.8382397145e-01 -5.8874587907e-01 -5.9337724636e-01 -5.8930368741e-01 -5.6728483062e-01 -5.2144301458e-01 -4.4629327958e-01 -3.2561281618e-01 -1.4071701058e-01 7.3218411695e-02 2.0045424727e-01 1.5985082633e-01 1.2589303088e-02 -8.5993660596e-02 -6.2272062358e-02 9.8626756797e-03 3.5142405640e-02 1.0459471923e-02 -1.1478744926e-02 -8.0341161488e-03 2.5115059019e-03 3.4229001986e-03 -1.2294326223e-03
-3.8788558323e-04 4.0075774852e-03 1.4210034107e-04 -1.1993259460e-02 -7.7197708365e-03 2.3910822474e-02 3.6261249767e-02 -2.1830506009e-02 -9.4076078414e-02 -4.8147049360e-02 1.2026176546e-01 2.1321790430e-01 7.3218411695e-02 -2.0601720059e-01 -3.9376708275e-01 -4.2658746460e-01 -3.9496122975e-01 -3.8819906340e-01 -4.1625700667e-01 -4.5058827108e-01 -4.7170239895e-01 -4.7730044400e-01 -4.7460196000e-01 -4.7110655786e-01 -4.6999402933e-01 -4.7052412908e-01 -4.7115150047e-01 -4.7128440803e-01 -4.7117510242e-01 -4.7110057843e-01 -4.7110803789e-01 -4.7112935548e-01 -4.7112935548e-01 -4.7110803789e-01 -4.7110057843e-01 -4.7117510242e-01 -4.7128440803e-01 -4.7115150047e-01 -4.7052412908e-01 -4.6999402933e-01 -4.7110655786e-01 -4.7460196000e-01 -4.7730044400e-01 -4.7170239895e-01 -4.5058827108e-01 -4.1625700667e-01 -3.8819906340e-01 -3.9496122975e-01 -4.2658746460e-01 -3.9376708275e-01 -2.0601720059e-01 7.3218411695e-02 2.1321790430e-01 1.2026176546e-01 -4.8147049360e-02 -9.4076078414e-02 -2.1830506009e-02 3.6261249767e-02 2.3910822474e-02 -7.7197708365e-03 -1.1993259460e-02 1.4210034107e-04 4.0075774852e-03 -3.8788558323e-04
7.2387771067e-04 4.1419445648e-03 -2.8822097810e-03 -1.4975779485e-02 -1.3334907215e-03 3.6057140033e-02 2.8887020018e-02 -5.7070749685e-02 -1.0506080106e-01 1.9064412804e-02 2.0611618697e-01 1.7063627452e-01 -1.4071701058e-01 -3.9376708275e-01 -3.4142209130e-01 -4.5756750658e-02 2.2220064182e-01 3.3391152806e-01 3.4542050369e-01 3.2322265353e-01 3.0349951126e-01 2.9728471251e-01 3.0067317517e-01 3.0555131900e-01 3.0777614797e-01 3.0758499381e-01 3.0687065648e-01 3.0656460399e-01 3.0663196623e-01 3.0671751688e-01 3.0672999450e-01 3.0670628264e-01 3.0670628264e-01 3.0672999450e-01 3.0671751688e-01 3.0663196623e-01 3.0656460399e-01 3.0687065648e-01 3.0758499381e-01 3.0777614797e-01 3.0555131900e-01 3.0067317517e-01 2.9728471251e-01 3.0349951126e-01 3.2322265353e-01 3.4542050369e-01 3.3391152806e-01 2.2220064182e-01 -4.5756750658e-02 -3.4142209130e-01 -3.9376708275e-01 -1.4071701058e-01 1.7063627452e-01 2.0611618697e-01 1.9064412804e-02 -1.0506080106e-01 -5.7070749685e-02 2.8887020018e-02 3.6057140033e-02 -1.3334907215e-03 -1.4975779485e-02 -2.8822097810e-03 4.1419445648e-03 7.2387771067e-04
1.9632161157e-03 3.9547643532e-03 -6.1813459054e-03 -1.7003180817e-02 6.3050341004e-03 4.6031893271e-02 1.6295503476e-02 -8.9429125721e-02 -9.9439660747e-02 9.3302442075e-02 2.5316538034e-01 7.1999516604e-02 -3.2561281618e-01 -4.2658746460e-01 -4.5756750658e-02 4.6501140548e-01 7.0373501480e-01 7.6971102668e-01 7.8260179755e-01 7.8051003450e-01 7.7831009042e-01 7.7889311414e-01 7.8171418160e-01 7.8410516422e-01 7.8527837267e-01 7.8533152206e-01 7.8516454086e-01 7.8504475049e-01 7.8507842833e-01 7.8509248087e-01 7.8510117483e-01 7.8508794889e-01 7.8508794889e-01 7.8510117483e-01 7.8509248087e-01 7.8507842833e-01 7.8504475049e-01 7.8516454086e-01 7.8533152206e-01 7.8527837267e-01 7.8410516422e-01 7.8171418160e-01 7.7889311414e-01 7.7831009042e-01 7.8051003450e-01 7.8260179755e-01 7.6971102668e-01 7.0373501480e-01 4.6501140548e-01 -4.5756750658e-02 -4.2658746460e-01 -3.2561281618e-01 7.1999516604e-02 2.5316538034e-01 9.3302442075e-02 -9.9439660747e-02 -8.9429125721e-02 1.6295503476e-02 4.6031893271e-02 6.3050341004e-03 -1.7003180817e-02 -6.1813459054e-03 3.9547643532e-03 1.9632161157e-03
3.2118960036e-03 3.6465022203e-03 -9.4946589732e-03 -1.8440618998e-02 1.3979487216e-02 5.4393206518e-02 2.2527479140e-03 -1.1683478175e-01 -8.7303180473e-02 1.5976412651e-01 2.7425638248e-01 -2.9790432099e-02 -4.4629327958e-01 -3.9496122975e-01 2.2220064182e-01 7.0373501480e-01 8.4338330977e-01 8.7043860073e-01 8.7777187061e-01 8.8236325841e-01 8.8658730855e-01 8.9047311486e-01 8.9338301735e-01 8.9526110499e-01 8.9612167578e-01 8.9645424379e-01 8.9650603348e-01 8.9653567288e-01 8.9653065324e-01 8.9653890744e-01 8.9652770701e-01 8.9652553314e-01 8.9652553314e-01 8.9652770701e-01 8.9653890744e-01 8.9653065324e-01 8.9653567288e-01 8.9650603348e-01 8.9645424379e-01 8.9612167578e-01 8.9526110499e-01 8.9338301735e-01 8.9047311486e-01 8.8658730855e-01 8.8236325841e-01 8.7777187061e-01 8.7043860073e-01 8.4338330977e-01 7.0373501480e-01 2.2220064182e-01 -3.9496122975e-01 -4.4629327958e-01 -2.9790432099e-02 2.7425638248e-01 1.5976412651e-01 -8.7303180473e-02 -1.1683478175e-01 2.2527479140e-03 5.4393206518e-02 1.3979487216e-02 -1.8440618998e-02 -9.4946589732e-03 3.6465022203e-03 3.2118960036e-03
4.3891852348e-03 3.3846374849e-03 -1.2585288795e-02 -1.9854962617e-02 2.0920557424e-02 6.2059440726e-02 -9.9030376526e-03 -1.4025442932e-01 -7.7691845288e-02 2.1210384874e-01 2.9015858070e-01 -1.0202266049e-01 -5.2144301458e-01 -3.8819906340e-01 3.3391152806e-01 7.6971102668e-01 8.7043860073e-01 8.9048900399e-01 8.9828857324e-01 9.0597682753e-01 9.1222189930e-01 9.1767179564e-01 9.2119012230e-01 9.2361236183e-01 9.2473044271e-01 9.2537049693e-01 9.2551547365e-01 9.2563086097e-01 9.2560334387e-01 9.2562621319e-01 9.2560054308e-01 9.2560467114e-01 9.2560467114e-01 9.2560054308e-01 9.2562621319e-01 9.2560334387e-01 9.2563086097e-01 9.2551547365e-01 9.2537049693e-01 9.2473044271e-01 9.2361236183e-01 9.2119012230e-01 9.1767179564e-01 9.1222189930e-01 9.0597682753e-01 8.9828857324e-01 8.9048900399e-01 8.7043860073e-01 7.6971102668e-01 3.3391152806e-01 -3.8819906340e-01 -5.2144301458e-01 -1.0202266049e-01 2.9015858070e-01 2.1210384874e-01 -7.7691845288e-02 -1.4025442932e-01 -9.9030376526e-03 6.2059440726e-02 2.0920557424e-02 -1.9854962617e-02 -1.2585288795e-02 3.3846374849e-03 4.3891852348e-03
5.4193391778e-03 3.3163506954e-03 -1.5267935153e-02 -2.1666234925e-02 2.6513648784e-02 6.9759837787e-02 -1.7920798017e-02 -1.6063143200e-01 -7.6162223538e-02 2.4869693237e-01 3.1187364550e-01 -1.3416335111e-01 -5.6728483062e-01 -4.1625700667e-01 3.4542050369e-01 7.8260179755e-01 8.7777187061e-01 8.9828857324e-01 9.0818131391e-01 9.1843008676e-01 9.2651402504e-01 9.3331457487e-01 9.3759841479e-01 9.4056807794e-01 9.4200328486e-01 9.4288550873e-01 9.4313822879e-01 9.4331821597e-01 9.4329552285e-01 9.4332562850e-01 9.4329448005e-01 9.4330021202e-01 9.4330021202e-01 9.4329448005e-01 9.4332562850e-01 9.4329552285e-01 9.4331821597e-01 9.4313822879e-01 9.4288550873e-01 9.4200328486e-01 9.4056807794e-01 9.3759841479e-01 9.3331457487e-01 9.2651402504e-01 9.1843008676e-01 9.0818131391e-01 8.9828857324e-01 8.7777187061e-01 7.8260179755e-01 3.4542050369e-01 -4.1625700667e-01 -5.6728483062e-01 -1.3416335111e-01 3.1187364550e-01 2.4869693237e-01 -7.6162223538e-02 -1.6063143200e-01 -1.7920798017e-02 6.9759837787e-02 2.6513648784e-02 -2.1666234925e-02 -1.5267935153e-02 3.3163506954e-03 5.4193391778e-03
6.2220922180e-03 3.5368037025e-03 -1.7362089589e-02 -2.4007694914e-02 3.0229203265e-02 7.7529567915e-02 -2.0708266413e-02 -1.7744363782e-01 -8.3746575272e-02 2.6914840969e-01 3.3774690338e-01 -1.3255360551e-01 -5.8930368741e-01 -4.5058827108e-01 3.2322265353e-01 7.8051003450e-01 8.8236325841e-01 9.0597682753e-01 9.1843008676e-01 9.3057265956e-01 9.4004454262e-01 9.4781220762e-01 9.5279381395e-01 9.5624357667e-01 9.5800162439e-01 9.5907501495e-01 9.5943157832e-01 9.5965663738e-01 9.5965159564e-01 9.5968554877e-01 9.5965499802e-01 9.5966011162e-01 9.5966011162e-01 9.5965499802e-01 9.5968554877e-01 9.5965159564e-01 9.5965663738e-01 9.5943157832e-01 9.5907501495e-01 9.5800162439e-01 9.5624357667e-01 9.5279381395e-01 9.4781220762e-01 9.4004454262e-01 9.3057265956e-01 9.1843008676e-01 9.0597682753e-01 8.8236325841e-01 7.8051003450e-01 3.2322265353e-01 -4.5058827108e-01 -5.8930368741e-01 -1.3255360551e-01 3.3774690338e-01 2.6914840969e-01 -8.3746575272e-02 -1.7744363782e-01 -2.0708266413e-02 7.7529567915e-02 3.0229203265e-02 -2.4007694914e-02 -1.7362089589e-02 3.5368037025e-03 6.2220922180e-03
6.7239948065e-03 4.0527033370e-03 -1.8692146024e-02 -2.6685701834e-02 3.1750861614e-02 8.4596328580e-02 -1.8515670077e-02 -1.8903910872e-01 -9.7124143442e-02 2.7464330941e-01 3.5961834735e-01 -1.1346420176e-01 -5.9337724636e-01 -4.7170239895e-01 3.0349951126e-01 7.7831009042e-01 8.8658730855e-01 9.1222189930e-01 9.2651402504e-01 9.4004454262e-01 9.5067954719e-01 9.5923471784e-01 9.6480441830e-01 9.6862138982e-01 9.7064322827e-01 9.7186392090e-01 9.7231684344e-01 9.7257988840e-01 9.7259653587e-01 9.7263243402e-01 9.7260446377e-01 9.7260835832e-01 9.7260835832e-01 9.7260446377e-01 9.7263243402e-01 9.7259653587e-01 9.7257988840e-01 9.7231684344e-01 9.7186392090e-01 9.7064322827e-01 9.6862138982e-01 9.6480441830e-01 9.5923471784e-01 9.5067954719e-01 9.4004454262e-01 9.2651402504e-01 9.1222189930e-01 8.8658730855e-01 7.7831009042e-01 3.0349951126e-01 -4.7170239895e-01 -5.9337724636e-01 -1.1346420176e-01 3.5961834735e-01 2.7464330941e-01 -9.7124143442e-02 -1.8903910872e-01 -1.8515670077e-02 8.4596328580e-02 3.1750861614e-02 -2.6685701834e-02 -1.8692146024e-02 4.0527033370e-03 6.7239948065e-03
6.8859488614e-03 4.7692210496e-03 -1.9167834055e-02 -2.9230613479e-02 3.1193601234e-02 8.9787713337e-02 -1.3083386807e-02 -1.9414788024e-01 -1.1051706363e-01 2.6957674437e-01 3.7102043172e-01 -9.4317638964e-02 -5.8874587907e-01 -4.7730044400e-01 2.9728471251e-01 7.7889311414e-01 8.9047311486e-01 9.1767179564e-01 9.3331457487e-01 9.4781220762e-01 9.5923471784e-01 9.6834728564e-01 9.7436234130e-01 9.7847832963e-01 9.8071650319e-01 9.8205792552e-01 9.8258666697e-01 9.8288041146e-01 9.8291498560e-01 9.8295368305e-01 9.8292811543e-01 9.8293117895e-01 9.8293117895e-01 9.8292811543e-01 9.8295368305e-01 9.8291498560e-01 9.8288041146e-01 9.8258666697e-01 9.8205792552e-01 9.8071650319e-01 9.7847832963e-01 9.7436234130e-01 9.6834728564e-01 9.5923471784e-01 9.4781220762e-01 9.3331457487e-01 9.1767179564e-01 8.9047311486e-01 7.7889311414e-01 2.9728471251e-01 -4.7730044400e-01 -5.8874587907e-01 -9.4317638964e-02 3.7102043172e-01 2.6957674437e-01 -1.1051706363e-01 -1.9414788024e-01 -1.3083386807e-02 8.9787713337e-02 3.1193601234e-02 -2.9230613479e-02 -1.9167834055e-02 4.7692210496e-03 6.8859488614e-03
6.7371175304e-03 5.5091146155e-03 -1.8877144348e-02 -3.1097840412e-02 2.9246067241e-02 9.2260350700e-02 -7.1313808371e-03 -1.9342889741e-01 -1.1889653736e-01 2.6088109018e-01 3.7190132303e-01 -8.5166781659e-02 -5.8382397145e-01 -4.7460196000e-01 3.0067317517e-01 7.8171418160e-01 8.9338301735e-01 9.2119012230e-01 9.3759841479e-01 9.5279381395e-01 9.6480441830e-01 9.7436234130e-01 9.8070866726e-01 9.8505047835e-01 9.8744339733e-01 9.8887894656e-01 9.8946450370e-01 9.8978524533e-01 9.8983265085e-01 9.8987455429e-01 9.8985007121e-01 9.8985283560e-01 9.8985283560e-01 9.8985007121e-01 9.8987455429e-01 9.8983265085e-01 9.8978524533e-01 9.8946450370e-01 9.8887894656e-01 9.8744339733e-01 9.8505047835e-01 9.8070866726e-01 9.7436234130e-01 9.6480441830e-01 9.5279381395e-01 9.3759841479e-01 9.2119012230e-01 8.9338301735e-01 7.8171418160e-01 3.0067317517e-01 -4.7460196000e-01 -5.8382397145e-01 -8.5166781659e-02 3.7190132303e-01 2.6088109018e-01 -1.1889653736e-01 -1.9342889741e-01 -7.1313808371e-03 9.2260350700e-02 2.9246067241e-02 -3.1097840412e-02 -1.8877144348e-02 5.5091146154e-03 6.7371175304e-03
6.3882917616e-03 6.0788596103e-03 -1.8117721479e-02 -3.1950824311e-02 2.6997902317e-02 9.2143727270e-02 -3.1212262761e-03 -1.8965339429e-01 -1.2077574703e-01 2.5473193037e-01 3.6759383575e-01 -8.5602453668e-02 -5.8231606061e-01 -4.7110655786e-01 3.0555131900e-01 7.8410516422e-01 8.9526110499e-01 9.2361236183e-01 9.4056807794e-01 9.5624357667e-01 9.6862138982e-01 9.7847832963e-01 9.8505047835e-01 9.8956218327e-01 9.9206736385e-01 9.9357407476e-01 9.9419759240e-01 9.9453818030e-01 9.9459331343e-01 9.9463833200e-01 9.9461412579e-01 9.9461689506e-01 9.9461689506e-01 9.9461412579e-01 9.9463833200e-01 9.9459331343e-01 9.9453818030e-01 9.9419759240e-01 9.9357407476e-01 9.9206736385e-01 9.8956218327e-01 9.8505047835e-01 9.7847832963e-01 9.6862138982e-01 9.5624357667e-01 9.4056807794e-01 9.2361236183e-01 8.9526110499e-01 7.8410516422e-01 3.0555131900e-01 -4.7110655786e-01 -5.8231606061e-01 -8.5602453668e-02 3.6759383575e-01 2.5473193037e-01 -1.2077574703e-01 -1.8965339429e-01 -3.1212262761e-03 9.2143727270e-02 2.6997902317e-02 -3.1950824311e-02 -1.8117721479e-02 6.0788596103e-03 6.3882917616e-03
6.0031596122e-03 6.3586952427e-03 -1.7305097248e-02 -3.1864223149e-02 2.5446533530e-02 9.0580862886e-02 -1.9972893860e-03 -1.8616654074e-01 -1.1850791316e-01 2.5332868222e-01 3.6394263974e-01 -8.9370871013e-02 -5.8328395810e-01 -4.6999402933e-01 3.0777614797e-01 7.8527837267e-01 8.9612167578e-01 9.2473044271e-01 9.4200328486e-01 9.5800162439e-01 9.7064322827e-01 9.8071650319e-01 9.8744339733e-01 9.9206736385e-01 9.9464438603e-01 9.9619820881e-01 9.9684700193e-01 9.9720140566e-01 9.9726131962e-01 9.9730826378e-01 9.9728393061e-01 9.9728669391e-01 9.9728669391e-01 9.9728393061e-01 9.9730826378e-01 9.9726131962e-01 9.9720140566e-01 9.9684700193e-01 9.9619820881e-01 9.9464438603e-01 9.9206736385e-01 9.8744339733e-01 9.8071650319e-01 9.7064322827e-01 9.5800162439e-01 9.4200328486e-01 9.2473044271e-01 8.9612167578e-01 7.8527837267e-01 3.0777614797e-01 -4.6999402933e-01 -5.8328395810e-01 -8.9370871013e-02 3.6394263974e-01 2.5332868222e-01 -1.1850791316e-01 -1.8616654074e-01 -1.9972893860e-03 9.0580862886e-02 2.5446533530e-02 -3.1864223149e-02 -1.7305097248e-02 6.3586952427e-03 6.0031596122e-03
5.7313961650e-03 6.3617475133e-03 -1.6784405152e-02 -3.1283427065e-02 2.4993843432e-02 8.9035187971e-02 -2.9125550410e-03 -1.8483921624e-01 -1.1581711652e-01 2.5484385120e-01 3.6320674031e-01 -9.1513227553e-02 -5.8441612097e-01 -4.7052412908e-01 3.0758499381e-01 7.8533152206e-01 8.9645424379e-01 9.2537049693e-01 9.4288550873e-01 9.5907501495e-01 9.7186392090e-01 9.8205792552e-01 9.8887894656e-01 9.9357407476e-01 9.9619820881e-01 9.9778103340e-01 9.9844474699e-01 9.9880646503e-01 9.9886896923e-01 9.9891680611e-01 9.9889238993e-01 9.9889506205e-01 9.9889506205e-01 9.9889238993e-01 9.9891680611e-01 9.9886896923e-01 9.9880646503e-01 9.9844474699e-01 9.9778103340e-01 9.9619820881e-01 9.9357407476e-01 9.8887894656e-01 9.8205792552e-01 9.7186392090e-01 9.5907501495e-01 9.4288550873e-01 9.2537049693e-01 8.9645424379e-01 7.8533152206e-01 3.0758499381e-01 -4.7052412908e-01 -5.8441612097e-01 -9.1513227553e-02 3.6320674031e-01 2.5484385120e-01 -1.1581711652e-01 -1.8483921624e-01 -2.9125550410e-03 8.9035187971e-02 2.4993843432e-02 -3.1283427065e-02 -1.6784405152e-02 6.3617475133e-03 5.7313961650e-03
5.6405566788e-03 6.2142780152e-03 -1.6667592698e-02 -3.0739641473e-02 2.5337761961e-02 8.8383730004e-02 -4.2138883722e-03 -1.8534070384e-01 -1.1483099919e-01 2.5639263846e-01 3.6414511800e-01 -9.1356038753e-02 -5.8467446399e-01 -4.7115150047e-01 3.0687065648e-01 7.8516454086e-01 8.9650603348e-01 9.2551547365e-01 9.4313822879e-01 9.5943157832e-01 9.7231684344e-01 9.8258666697e-01 9.8946450370e-01 9.9419759240e-01 9.9684700193e-01 9.9844474699e-01 9.9911706098e-01 9.9948251553e-01 9.9954646666e-01 9.9959438748e-01 9.9956987701e-01 9.9957240098e-01 9.9957240098e-01 9.9956987701e-01 9.9959438748e-01 9.9954646666e-01 9.9948251553e-01 9.9911706098e-01 9.9844474699e-01 9.9684700193e-01 9.9419759240e-01 9.8946450370e-01 9.8258666697e-01 9.7231684344e-01 9.5943157832e-01 9.4313822879e-01 9.2551547365e-01 8.9650603348e-01 7.8516454086e-01 3.0687065648e-01 -4.7115150047e-01 -5.8467446399e-01 -9.1356038753e-02 3.6414511800e-01 2.5639263846e-01 -1.1483099919e-01 -1.8534070384e-01 -4.2138883722e-03 8.8383730004e-02 2.5337761961e-02 -3.0739641473e-02 -1.6667592698e-02 6.2142780152e-03 5.6405566788e-03
5.6939234133e-03 6.0664800777e-03 -1.6822576280e-02 -3.0528110771e-02 2.5852474371e-02 8.8561549064e-02 -4.8000563246e-03 -1.8624539903e-01 -1.1527186145e-01 2.5671890400e-01 3.6489770672e-01 -9.0550263022e-02 -5.8442190333e-01 -4.7128440803e-01 3.0656460399e-01 7.8504475049e-01 8.9653567288e-01 9.2563086097e-01 9.4331821597e-01 9.5965663738e-01 9.7257988840e-01 9.8288041146e-01 9.8978524533e-01 9.9453818030e-01 9.9720140566e-01 9.9880646503e-01 9.9948251553e-01 9.9984911901e-01 9.9991352057e-01 9.9996132305e-01 9.9993674997e-01 9.9993915912e-01 9.9993915912e-01 9.9993674997e-01 9.9996132305e-01 9.9991352057e-01 9.9984911901e-01 9.9948251553e-01 9.9880646503e-01 9.9720140566e-01 9.9453818030e-01 9.8978524533e-01 9.8288041146e-01 9.7257988840e-01 9.5965663738e-01 9.4331821597e-01 9.2563086097e-01 8.9653567288e-01 7.8504475049e-01 3.0656460399e-01 -4.7128440803e-01 -5.8442190333e-01 -9.0550263022e-02 3.6489770672e-01 2.5671890400e-01 -1.1527186145e-01 -1.8624539903e-01 -4.8000563246e-03 8.8561549064e-02 2.5852474371e-02 -3.0528110771e-02 -1.6822576280e-02 6.0664800777e-03 5.6939234133e-03
5.7927955726e-03 6.0019360454e-03 -1.7019114332e-02 -3.0603420454e-02 2.6107667731e-02 8.8977351313e-02 -4.6589989063e-03 -1.8660991774e-01 -1.1589785646e-01 2.5632171599e-01 3.6492153512e-01 -9.0245617405e-02 -5.8423327031e-01 -4.7117510242e-01 3.0663196623e-01 7.8507842833e-01 8.9653065324e-01 9.2560334387e-01 9.4329552285e-01 9.5965159564e-01 9.7259653587e-01 9.8291498560e-01 9.8983265085e-01 9.9459331343e-01 9.9726131962e-01 9.9886896923e-01 9.9954646666e-01 9.9991352057e-01 9.9997798594e-01 1.0000256169e+00 1.0000009410e+00 1.0000032837e+00 1.0000032837e+00 1.0000009410e+00 1.0000256169e+00 9.9997798594e-01 9.9991352057e-01 9.9954646666e-01 9.9886896923e-01 9.9726131962e-01 9.9459331343e-01 9.8983265085e-01 9.8291498560e-01 9.7259653587e-01 9.5965159564e-01 9.4329552285e-01 9.2560334387e-01 8.9653065324e-01 7.8507842833e-01 3.0663196623e-01 -4.7117510242e-01 -5.8423327031e-01 -9.0245617405e-02 3.6492153512e-01 2.5632171599e-01 -1.1589785646e-01 -1.8660991774e-01 -4.6589989063e-03 8.8977351313e-02 2.6107667731e-02 -3.0603420454e-02 -1.7019114332e-02 6.0019360454e-03 5.7927955726e-03
5.8521485974e-03 6.0143667301e-03 -1.7104778280e-02 -3.0745789354e-02 2.6075790442e-02 8.9174276019e-02 -4.3537311435e-03 -1.8647837363e-01 -1.1605795071e-01 2.5602414940e-01 3.6468387315e-01 -9.0373450679e-02 -5.8423737427e-01 -4.7110057843e-01 3.0671751688e-01 7.8509248087e-01 8.9653890744e-01 9.2562621319e-01 9.4332562850e-01 9.5968554877e-01 9.7263243402e-01 9.8295368305e-01 9.8987455429e-01 9.9463833200e-01 9.9730826378e-01 9.9891680611e-01 9.9959438748e-01 9.9996132305e-01 1.0000256169e+00 1.0000731667e+00 1.0000484261e+00 1.0000507457e+00 1.0000507457e+00 1.0000484261e+00 1.0000731667e+00 1.0000256169e+00 9.9996132305e-01 9.9959438748e-01 9.9891680611e-01 9.9730826378e-01 9.9463833200e-01 9.8987455429e-01 9.8295368305e-01 9.7263243402e-01 9.5968554877e-01 9.4332562850e-01 9.2562621319e-01 8.9653890744e-01 7.8509248087e-01 3.0671751688e-01 -4.7110057843e-01 -5.8423737427e-01 -9.0373450679e-02 3.6468387315e-01 2.5602414940e-01 -1.1605795071e-01 -1.8647837363e-01 -4.3537311435e-03 8.9174276019e-02 2.6075790442e-02 -3.0745789354e-02 -1.7104778280e-02 6.0143667301e-03 5.8521485974e-03
5.8523270891e-03 6.0534710516e-03 -1.7075896865e-02 -3.0806238688e-02 2.5947049585e-02 8.9111535035e-02 -4.2571949140e-03 -1.8628394104e-01 -1.1590076300e-01 2.5604964393e-01 3.6459907244e-01 -9.0502784806e-02 -5.8429035928e-01 -4.7110803789e-01 3.0672999450e-01 7.8510117483e-01 8.9652770701e-01 9.2560054308e-01 9.4329448005e-01 9.5965499802e-01 9.7260446377e-01 9.8292811543e-01 9.8985007121e-01 9.9461412579e-01 9.9728393061e-01 9.9889238993e-01 9.9956987701e-01 9.9993674997e-01 1.0000009410e+00 1.0000484261e+00 1.0000236406e+00 1.0000259508e+00 1.0000259508e+00 1.0000236406e+00 1.0000484261e+00 1.0000009410e+00 9.9993674997e-01 9.9956987701e-01 9.9889238993e-01 9.9728393061e-01 9.9461412579e-01 9.8985007121e-01 9.8292811543e-01 9.7260446377e-01 9.5965499802e-01 9.4329448005e-01 9.2560054308e-01 8.9652770701e-01 7.8510117483e-01 3.0672999450e-01 -4.7110803789e-01 -5.8429035928e-01 -9.0502784806e-02 3.6459907244e-01 2.5604964393e-01 -1.1590076300e-01 -1.8628394104e-01 -4.2571949140e-03 8.9111535035e-02 2.5947049585e-02 -3.0806238688e-02 -1.7075896865e-02 6.0534710516e-03 5.8523270891e-03
5.8311212788e-03 6.0798275370e-03 -1.7021890928e-02 -3.0798840131e-02 2.5865455774e-02 8.8993701000e-02 -4.3093811769e-03 -1.8621531048e-01 -1.1575302700e-01 2.5617145823e-01 3.6464349387e-01 -9.0515767025e-02 -5.8430940073e-01 -4.7112935548e-01 3.0670628264e-01 7.8508794889e-01 8.9652553314e-01 9.2560467114e-01 9.4330021202e-01 9.5966011162e-01 9.7260835832e-01 9.8293117895e-01 9.8985283560e-01 9.9461689506e-01 9.9728669391e-01 9.9889506205e-01 9.9957240098e-01 9.9993915912e-01 1.0000032837e+00 1.0000507457e+00 1.0000259508e+00 1.0000282585e+00 1.0000282585e+00 1.0000259508e+00 1.0000507457e+00 1.0000032837e+00 9.9993915912e-01 9.9957240098e-01 9.9889506205e-01 9.9728669391e-01 9.9461689506e-01 9.8985283560e-01 9.8293117895e-01 9.7260835832e-01 9.5966011162e-01 9.4330021202e-01 9.2560467114e-01 8.9652553314e-01 7.8508794889e-01 3.0670628264e-01 -4.7112935548e-01 -5.8430940073e-01 -9.0515767025e-02 3.6464349387e-01 2.5617145823e-01 -1.1575302700e-01 -1.8621531048e-01 -4.3093811768e-03 8.8993701000e-02 2.5865455774e-02 -3.0798840131e-02 -1.7021890928e-02 6.0798275370e-03 5.8311212788e-03
5.8311212788e-03 6.0798275370e-03 -1.7021890928e-02 -3.0798840131e-02 2.5865455774e-02 8.8993701000e-02 -4.3093811769e-03 -1.8621531048e-01 -1.1575302700e-01 2.5617145823e-01 3.6464349387e-01 -9.0515767025e-02 -5.8430940073e-01 -4.7112935548e-01 3.0670628264e-01 7.8508794889e-01 8.9652553314e-01 9.2560467114e-01 9.4330021202e-01 9.5966011162e-01 9.7260835832e-01 9.8293117895e-01 9.8985283560e-01 9.9461689506e-01 9.9728669391e-01 9.9889506205e-01 9.9957240098e-01 9.9993915912e-01 1.0000032837e+00 1.0000507457e+00 1.0000259508e+00 1.0000282585e+00 1.0000282585e+00 1.0000259508e+00 1.0000507457e+00 1.0000032837e+00 9.9993915912e-01 9.9957240098e-01 9.9889506205e-01 9.9728669391e-01 9.9461689506e-01 9.8985283560e-01 9.8293117895e-01 9.7260835832e-01 9.5966011162e-01 9.4330021202e-01 9.2560467114e-01 8.9652553314e-01 7.8508794889e-01 3.0670628264e-01 -4.7112935548e-01 -5.8430940073e-01 -9.0515767025e-02 3.6464349387e-01 2.5617145823e-01 -1.1575302700e-01 -1.8621531048e-01 -4.3093811769e-03 8.8993701000e-02 2.5865455774e-02 -3.0798840131e-02 -1.7021890928e-02 6.0798275370e-03 5.8311212788e-03
5.8523270891e-03 6.0534710516e-03 -1.7075896865e-02 -3.0806238688e-02 2.5947049585e-02 8.9111535035e-02 -4.2571949140e-03 -1.8628394104e-01 -1.1590076300e-01 2.5604964393e-01 3.6459907244e-01 -9.0502784806e-02 -5.8429035928e-01 -4.7110803789e-01 3.0672999450e-01 7.8510117483e-01 8.9652770701e-01 9.2560054308e-01 9.4329448005e-01 9.5965499802e-01 9.7260446377e-01 9.8292811543e-01 9.8985007121e-01 9.9461412579e-01 9.9728393061e-01 9.9889238993e-01 9.9956987701e-01 9.9993674997e-01 1.0000009410e+00 1.0000484261e+00 1.0000236406e+00 1.0000259508e+00 1.0000259508e+00 1.0000236406e+00 1.0000484261e+00 1.0000009410e+00 9.9993674997e-01 9.9956987701e-01 9.9889238993e-01 9.9728393061e-01 9.9461412579e-01 9.8985007121e-01 9.8292811543e-01 9.7260446377e-01 9.5965499802e-01 9.4329448005e-01 9.2560054308e-01 8.9652770701e-01 7.8510117483e-01 3.0672999450e-01 -4.7110803789e-01 -5.8429035928e-01 -9.0502784806e-02 3.6459907244e-01 2.5604964393e-01 -1.1590076300e-01 -1.8628394104e-01 -4.2571949140e-03 8.9111535035e-02 2.5947049585e-02 -3.0806238688e-02 -1.7075896865e-02 6.0534710516e-03 5.8523270891e-03
5.8521485974e-03 6.0143667301e-03 -1.7104778280e-02 -3.0745789354e-02 2.6075790442e-02 8.9174276019e-02 -4.3537311435e-03 -1.8647837363e-01 -1.1605795071e-01 2.5602414940e-01 3.6468387315e-01 -9.0373450679e-02 -5.8423737427e-01 -4.7110057843e-01 3.0671751688e-01 7.8509248087e-01 8.9653890744e-01 9.2562621319e-01 9.4332562850e-01 9.5968554877e-01 9.7263243402e-01 9.8295368305e-01 9.8987455429e-01 9.9463833200e-01 9.9730826378e-01 9.9891680611e-01 9.9959438748e-01 9.9996132305e-01 1.0000256169e+00 1.0000731667e+00 1.0000484261e+00 1.0000507457e+00 1.0000507457e+00 1.0000484261e+00 1.0000731667e+00 1.0000256169e+00 9.9996132305e-01 9.9959438748e-01 9.9891680611e-01 9.9730826378e-01 9.9463833200e-01 9.8987455429e-01 9.8295368305e-01 9.7263243402e-01 9.5968554877e-01 9.4332562850e-01 9.2562621319e-01 8.9653890744e-01 7.8509248087e-01 3.0671751688e-01 -4.7110057843e-01 -5.8423737427e-01 -9.0373450679e-02 3.6468387315e-01 2.5602414940e-01 -1.1605795071e-01 -1.8647837363e-01 -4.3537311435e-03 8.9174276019e-02 2.6075790442e-02 -3.0745789354e-02 -1.7104778280e-02 6.0143667301e-03 5.8521485974e-03
5.7927955726e-03 6.0019360454e-03 -1.7019114332e-02 -3.0603420454e-02 2.6107667731e-02 8.8977351313e-02 -4.6589989063e-03 -1.8660991774e-01 -1.1589785646e-01 2.5632171599e-01 3.6492153512e-01 -9.0245617405e-02 -5.8423327031e-01 -4.7117510242e-01 3.0663196623e-01 7.8507842833e-01 8.9653065324e-01 9.2560334387e-01 9.4329552285e-01 9.5965159564e-01 9.7259653587e-01 9.8291498560e-01 9.8983265085e-01 9.9459331343e-01 9.9726131962e-01 9.9886896923e-01 9.9954646666e-01 9.9991352057e-01 9.9997798594e-01 1.0000256169e+00 1.0000009410e+00 1.0000032837e+00 1.0000032837e+00 1.0000009410e+00 1.0000256169e+00 9.9997798594e-01 9.9991352057e-01 9.9954646666e-01 9.9886896923e-01 9.9726131962e-01 9.9459331343e-01 9.8983265085e-01 9.8291498560e-01 9.7259653587e-01 9.5965159564e-01 9.4329552285e-01 9.2560334387e-01 8.9653065324e-01 7.8507842833e-01 3.0663196623e-01 -4.7117510242e-01 -5.8423327031e-01 -9.0245617405e-02 3.6492153512e-01 2.5632171599e-01 -1.1589785646e-01 -1.8660991774e-01 -4.6589989063e-03 8.8977351313e-02 2.6107667731e-02 -3.0603420454e-02 -1.7019114332e-02 6.0019360454e-03 5.7927955726e-03
