-9.4984866174e-05 5.3889614900e-04 -1.7740940566e-03 -1.3020127091e-03 -1.3020127091e-03 -1.7740940566e-03 5.3889614900e-04 -9.4984866174e-05
5.3889614900e-04 -2.9705224181e-03 5.3914879634e-03 2.8906772131e-03 2.8906772131e-03 5.3914879634e-03 -2.9705224181e-03 5.3889614900e-04
-1.7740940566e-03 5.3914879634e-03 9.9349615255e-01 9.9815765462e-01 9.9815765462e-01 9.9349615255e-01 5.3914879634e-03 -1.7740940566e-03
-1.3020127091e-03 2.8906772131e-03 9.9815765462e-01 1.0017641364e+00 1.0017641364e+00 9.9815765462e-01 2.8906772131e-03 -1.3020127091e-03
-1.3020127091e-03 2.8906772131e-03 9.9815765462e-01 1.0017641364e+00 1.0017641364e+00 9.9815765462e-01 2.8906772131e-03 -1.3020127091e-03
-1.7740940566e-03 5.3914879634e-03 9.9349615255e-01 9.9815765462e-01 9.9815765462e-01 9.9349615255e-01 5.3914879634e-03 -1.7740940566e-03
5.3889614900e-04 -2.9705224181e-03 5.3914879634e-03 2.8906772131e-03 2.8906772131e-03 5.3914879634e-03 -2.9705224181e-03 5.3889614900e-04
-9.4984866175e-05 5.3889614900e-04 -1.7740940566e-03 -1.3020127091e-03 -1.3020127091e-03 -1.7740940566e-03 5.3889614900e-04 -9.4984866175e-05
