3.3700514346e-01 3.4166025397e-01 3.5014782959e-01 3.6108656991e-01 3.7294295278e-01 3.8441252671e-01 3.9465352585e-01 4.0333944368e-01 4.1057045340e-01 4.1671304693e-01 4.2223106285e-01 4.2754999776e-01 4.3297441955e-01 4.3866041627e-01 4.4463216579e-01 4.5082448273e-01 4.5713211031e-01 4.6345078244e-01 4.6970226836e-01 4.7584273906e-01 4.8185866128e-01 4.8775629719e-01 4.9355029018e-01 4.9925487059e-01 5.0487902765e-01 5.1042530428e-01 5.1589097710e-01 5.2127022561e-01 5.2655621516e-01 5.3174252103e-01 5.3682377603e-01 5.4179571128e-01 5.4665486639e-01 5.5139821690e-01 5.5602287501e-01 5.6052592196e-01 5.6490436066e-01 5.6915514450e-01 5.7327523576e-01 5.7726166052e-01 5.8111154481e-01 5.8482213064e-01 5.8839077765e-01 5.9181495817e-01 5.9509225146e-01 5.9822034014e-01 6.0119700954e-01 6.0402014915e-01 6.0668775516e-01 6.0919793306e-01 6.1154889992e-01 6.1373898611e-01 6.1576663656e-01 6.1763041186e-01 6.1932898912e-01 6.2086116279e-01 6.2222584551e-01 6.2342206880e-01 6.2444898381e-01 6.2530586184e-01 6.2599209491e-01 6.2650719615e-01 6.2685080012e-01 6.2702266306e-01 6.2702266306e-01 6.2685080012e-01 6.2650719615e-01 6.2599209491e-01 6.2530586184e-01 6.2444898381e-01 6.2342206880e-01 6.2222584551e-01 6.2086116279e-01 6.1932898912e-01 6.1763041186e-01 6.1576663656e-01 6.1373898611e-01 6.1154889992e-01 6.0919793306e-01 6.0668775516e-01 6.0402014915e-01 6.0119700954e-01 5.9822034014e-01 5.9509225146e-01 5.9181495817e-01 5.8839077765e-01 5.8482213064e-01 5.8111154481e-01 5.7726166052e-01 5.7327523576e-01 5.6915514450e-01 5.6490436066e-01 5.6052592196e-01 5.5602287501e-01 5.5139821690e-01 5.4665486639e-01 5.4179571128e-01 5.3682377603e-01 5.3174252103e-01 5.2655621516e-01 5.2127022561e-01 5.1589097710e-01 5.1042530428e-01 5.0487902765e-01 4.9925487059e-01 4.9355029018e-01 4.8775629719e-01 4.8185866128e-01 4.7584273906e-01 4.6970226836e-01 4.6345078244e-01 4.5713211031e-01 4.5082448273e-01 4.4463216579e-01 4.3866041627e-01 4.3297441955e-01 4.2754999776e-01 4.2223106285e-01 4.1671304693e-01 4.1057045340e-01 4.0333944368e-01 3.9465352585e-01 3.8441252671e-01 3.7294295278e-01 3.6108656991e-01 3.5014782959e-01 3.4166025397e-01 3.3700514346e-01
3.4166025397e-01 3.4623161289e-01 3.5456967466e-01 3.6532283944e-01 3.7698949880e-01 3.8829076859e-01 3.9839936676e-01 4.0699179236e-01 4.1416242688e-01 4.2026714070e-01 4.2575815012e-01 4.3105119615e-01 4.3644453404e-01 4.4209169205e-01 4.4801736960e-01 4.5415877711e-01 4.6041365514e-01 4.6668035509e-01 4.7288235948e-01 4.7897656137e-01 4.8494936972e-01 4.9080654619e-01 4.9656211020e-01 5.0222976456e-01 5.0781816651e-01 5.1332972329e-01 5.1876171620e-01 5.2410839761e-01 5.2936301407e-01 5.3451919506e-01 5.3957158922e-01 5.4451591060e-01 5.4934866145e-01 5.5406677249e-01 5.5866731254e-01 5.6314732521e-01 5.6750378192e-01 5.7173360926e-01 5.7583374529e-01 5.7980119289e-01 5.8363305505e-01 5.8732655066e-01 5.9087901646e-01 5.9428790242e-01 5.9755076630e-01 6.0066527029e-01 6.0362918039e-01 6.0644036794e-01 6.0909681206e-01 6.1159660226e-01 6.1393794065e-01 6.1611914366e-01 6.1813864333e-01 6.1999498838e-01 6.2168684506e-01 6.2321299799e-01 6.2457235098e-01 6.2576392775e-01 6.2678687263e-01 6.2764045108e-01 6.2832405030e-01 6.2883717952e-01 6.2917947042e-01 6.2935067731e-01 6.2935067731e-01 6.2917947042e-01 6.2883717952e-01 6.2832405030e-01 6.2764045108e-01 6.2678687263e-01 6.2576392775e-01 6.2457235098e-01 6.2321299799e-01 6.2168684506e-01 6.1999498838e-01 6.1813864333e-01 6.1611914366e-01 6.1393794065e-01 6.1159660226e-01 6.0909681206e-01 6.0644036794e-01 6.0362918039e-01 6.0066527029e-01 5.9755076630e-01 5.9428790242e-01 5.9087901646e-01 5.8732655066e-01 5.8363305505e-01 5.7980119289e-01 5.7583374529e-01 5.7173360926e-01 5.6750378192e-01 5.6314732521e-01 5.5866731254e-01 5.5406677249e-01 5.4934866145e-01 5.4451591060e-01 5.3957158922e-01 5.3451919506e-01 5.2936301407e-01 5.2410839761e-01 5.1876171620e-01 5.1332972329e-01 5.0781816651e-01 5.0222976456e-01 4.9656211020e-01 4.9080654619e-01 4.8494936972e-01 4.7897656137e-01 4.7288235948e-01 4.6668035509e-01 4.6041365514e-01 4.5415877711e-01 4.4801736960e-01 4.4209169205e-01 4.3644453404e-01 4.3105119615e-01 4.2575815012e-01 4.2026714070e-01 4.1416242688e-01 4.0699179236e-01 3.9839936676e-01 3.8829076859e-01 3.7698949880e-01 3.6532283944e-01 3.5456967466e-01 3.4623161289e-01 3.4166025397e-01
3.5014782959e-01 3.5456967466e-01 3.6264124937e-01 3.7306462773e-01 3.8439576878e-01 3.9540174128e-01 4.0528104824e-01 4.1371513570e-01 4.2078740322e-01 4.2683405230e-01 4.3228592863e-01 4.3754092590e-01 4.4288583438e-01 4.4846963636e-01 4.5431814271e-01 4.6037309429e-01 4.6653783084e-01 4.7271556588e-01 4.7883294875e-01 4.8484819385e-01 4.9074758637e-01 4.9653594874e-01 5.0222613997e-01 5.0783088856e-01 5.1335824595e-01 5.1881038147e-01 5.2418460027e-01 5.2947530523e-01 5.3467590779e-01 5.3978015083e-01 5.4478272405e-01 5.4967932043e-01 5.5446638288e-01 5.5914076852e-01 5.6369947511e-01 5.6813948555e-01 5.7245772187e-01 5.7665106957e-01 5.8071643017e-01 5.8465077144e-01 5.8845116114e-01 5.9211478244e-01 5.9563893628e-01 5.9902103750e-01 6.0225860991e-01 6.0534928335e-01 6.0829079327e-01 6.1108098220e-01 6.1371780217e-01 6.1619931724e-01 6.1852370572e-01 6.2068926180e-01 6.2269439692e-01 6.2453764077e-01 6.2621764220e-01 6.2773317009e-01 6.2908311406e-01 6.3026648529e-01 6.3128241712e-01 6.3213016567e-01 6.3280911030e-01 6.3331875403e-01 6.3365872386e-01 6.3382877099e-01 6.3382877099e-01 6.3365872386e-01 6.3331875403e-01 6.3280911030e-01 6.3213016567e-01 6.3128241712e-01 6.3026648529e-01 6.2908311406e-01 6.2773317009e-01 6.2621764220e-01 6.2453764077e-01 6.2269439692e-01 6.2068926180e-01 6.1852370572e-01 6.1619931724e-01 6.1371780217e-01 6.1108098220e-01 6.0829079327e-01 6.0534928335e-01 6.0225860991e-01 5.9902103750e-01 5.9563893628e-01 5.9211478244e-01 5.8845116114e-01 5.8465077144e-01 5.8071643017e-01 5.7665106957e-01 5.7245772187e-01 5.6813948555e-01 5.6369947511e-01 5.5914076852e-01 5.5446638288e-01 5.4967932043e-01 5.4478272405e-01 5.3978015083e-01 5.3467590779e-01 5.2947530523e-01 5.2418460027e-01 5.1881038147e-01 5.1335824595e-01 5.0783088856e-01 5.0222613997e-01 4.9653594874e-01 4.9074758637e-01 4.8484819385e-01 4.7883294875e-01 4.7271556588e-01 4.6653783084e-01 4.6037309429e-01 4.5431814271e-01 4.4846963636e-01 4.4288583438e-01 4.3754092590e-01 4.3228592863e-01 4.2683405230e-01 4.2078740322e-01 4.1371513570e-01 4.0528104824e-01 3.9540174128e-01 3.8439576878e-01 3.7306462773e-01 3.6264124937e-01 3.5456967466e-01 3.5014782959e-01
3.6108656991e-01 3.6532283944e-01 3.7306462773e-01 3.8308212834e-01 3.9400413128e-01 4.0465547057e-01 4.1426650130e-01 4.2252385122e-01 4.2949580873e-01 4.3549253010e-01 4.4091689859e-01 4.4614365901e-01 4.5144491861e-01 4.5696407014e-01 4.6272871781e-01 4.6868680770e-01 4.7474919956e-01 4.8082557645e-01 4.8684676603e-01 4.9277269604e-01 4.9858944925e-01 5.0430057596e-01 5.0991738639e-01 5.1545132363e-01 5.2090965570e-01 5.2629426490e-01 5.3160252058e-01 5.3682905789e-01 5.4196753771e-01 5.4701188105e-01 5.5195685699e-01 5.5679815319e-01 5.6153215512e-01 5.6615564270e-01 5.7066553940e-01 5.7505876728e-01 5.7933220207e-01 5.8348269352e-01 5.8750711267e-01 5.9140239793e-01 5.9516558668e-01 5.9879383015e-01 6.0228439646e-01 6.0563466757e-01 6.0884213525e-01 6.1190439869e-01 6.1481916424e-01 6.1758424696e-01 6.2019757295e-01 6.2265718185e-01 6.2496122899e-01 6.2710798705e-01 6.2909584742e-01 6.3092332125e-01 6.3258904039e-01 6.3409175823e-01 6.3543035050e-01 6.3660381599e-01 6.3761127725e-01 6.3845198112e-01 6.3912529926e-01 6.3963072852e-01 6.3996789127e-01 6.4013653564e-01 6.4013653564e-01 6.3996789127e-01 6.3963072852e-01 6.3912529926e-01 6.3845198112e-01 6.3761127725e-01 6.3660381599e-01 6.3543035050e-01 6.3409175823e-01 6.3258904039e-01 6.3092332125e-01 6.2909584742e-01 6.2710798705e-01 6.2496122899e-01 6.2265718185e-01 6.2019757295e-01 6.1758424696e-01 6.1481916424e-01 6.1190439869e-01 6.0884213525e-01 6.0563466757e-01 6.0228439646e-01 5.9879383015e-01 5.9516558668e-01 5.9140239793e-01 5.8750711267e-01 5.8348269352e-01 5.7933220207e-01 5.7505876728e-01 5.7066553940e-01 5.6615564270e-01 5.6153215512e-01 5.5679815319e-01 5.5195685699e-01 5.4701188105e-01 5.4196753771e-01 5.3682905789e-01 5.3160252058e-01 5.2629426490e-01 5.2090965570e-01 5.1545132363e-01 5.0991738639e-01 5.0430057596e-01 4.9858944925e-01 4.9277269604e-01 4.8684676603e-01 4.8082557645e-01 4.7474919956e-01 4.6868680770e-01 4.6272871781e-01 4.5696407014e-01 4.5144491861e-01 4.4614365901e-01 4.4091689859e-01 4.3549253010e-01 4.2949580873e-01 4.2252385122e-01 4.1426650130e-01 4.0465547057e-01 3.9400413128e-01 3.8308212834e-01 3.7306462773e-01 3.6532283944e-01 3.6108656991e-01
3.7294295278e-01 3.7698949880e-01 3.8439576878e-01 3.9400413128e-01 4.0452018022e-01 4.1482906299e-01 4.2419346320e-01 4.3230369709e-01 4.3921010433e-01 4.4519345402e-01 4.5062561152e-01 4.5585596917e-01 4.6114085549e-01 4.6661803412e-01 4.7231763653e-01 4.7819493012e-01 4.8416942043e-01 4.9015813385e-01 4.9609658406e-01 5.0194657099e-01 5.0769388540e-01 5.1334059522e-01 5.1889624160e-01 5.2437082218e-01 5.2977074769e-01 5.3509761773e-01 5.4034892220e-01 5.4551960740e-01 5.5060366183e-01 5.5559524919e-01 5.6048926540e-01 5.6528142600e-01 5.6996808325e-01 5.7454596042e-01 5.7901192705e-01 5.8336286603e-01 5.8759562987e-01 5.9170705629e-01 5.9569400930e-01 5.9955342042e-01 6.0328231768e-01 6.0687784002e-01 6.1033724088e-01 6.1365788638e-01 6.1683725219e-01 6.1987292178e-01 6.2276258643e-01 6.2550404687e-01 6.2809521554e-01 6.3053411906e-01 6.3281890030e-01 6.3494782013e-01 6.3691925878e-01 6.3873171696e-01 6.4038381686e-01 6.4187430300e-01 6.4320204308e-01 6.4436602874e-01 6.4536537622e-01 6.4619932693e-01 6.4686724801e-01 6.4736863266e-01 6.4770310052e-01 6.4787039790e-01 6.4787039790e-01 6.4770310052e-01 6.4736863266e-01 6.4686724801e-01 6.4619932693e-01 6.4536537622e-01 6.4436602874e-01 6.4320204308e-01 6.4187430300e-01 6.4038381686e-01 6.3873171696e-01 6.3691925878e-01 6.3494782013e-01 6.3281890030e-01 6.3053411906e-01 6.2809521554e-01 6.2550404687e-01 6.2276258643e-01 6.1987292178e-01 6.1683725219e-01 6.1365788638e-01 6.1033724088e-01 6.0687784002e-01 6.0328231768e-01 5.9955342042e-01 5.9569400930e-01 5.9170705629e-01 5.8759562987e-01 5.8336286603e-01 5.7901192705e-01 5.7454596042e-01 5.6996808325e-01 5.6528142600e-01 5.6048926540e-01 5.5559524919e-01 5.5060366183e-01 5.4551960740e-01 5.4034892220e-01 5.3509761773e-01 5.2977074769e-01 5.2437082218e-01 5.1889624160e-01 5.1334059522e-01 5.0769388540e-01 5.0194657099e-01 4.9609658406e-01 4.9015813385e-01 4.8416942043e-01 4.7819493012e-01 4.7231763653e-01 4.6661803412e-01 4.6114085549e-01 4.5585596917e-01 4.5062561152e-01 4.4519345402e-01 4.3921010433e-01 4.3230369709e-01 4.2419346320e-01 4.1482906299e-01 4.0452018022e-01 3.9400413128e-01 3.8439576878e-01 3.7698949880e-01 3.7294295278e-01
3.8441252671e-01 3.8829076859e-01 3.9540174128e-01 4.0465547057e-01 4.1482906299e-01 4.2486300092e-01 4.3404833477e-01 4.4207636314e-01 4.4897793082e-01 4.5500379101e-01 4.6049481766e-01 4.6577550126e-01 4.7108707202e-01 4.7656241500e-01 4.8223488555e-01 4.8806763195e-01 4.9398918773e-01 4.9992412679e-01 5.0581270484e-01 5.1161854974e-01 5.1732706757e-01 5.2293874765e-01 5.2846129246e-01 5.3390322494e-01 5.3927010928e-01 5.4456330370e-01 5.4978047754e-01 5.5491695275e-01 5.5996710716e-01 5.6492540192e-01 5.6978690691e-01 5.7454740656e-01 5.7920325711e-01 5.8375116057e-01 5.8818796739e-01 5.9251055621e-01 5.9671579110e-01 6.0080053211e-01 6.0476166961e-01 6.0859616042e-01 6.1230105395e-01 6.1587350601e-01 6.1931078311e-01 6.2261026173e-01 6.2576942628e-01 6.2878586799e-01 6.3165728524e-01 6.3438148526e-01 6.3695638639e-01 6.3938002045e-01 6.4165053486e-01 6.4376619438e-01 6.4572538259e-01 6.4752660305e-01 6.4916848036e-01 6.5064976111e-01 6.5196931475e-01 6.5312613438e-01 6.5411933746e-01 6.5494816643e-01 6.5561198919e-01 6.5611029959e-01 6.5644271771e-01 6.5660899014e-01 6.5660899014e-01 6.5644271771e-01 6.5611029959e-01 6.5561198919e-01 6.5494816643e-01 6.5411933746e-01 6.5312613438e-01 6.5196931475e-01 6.5064976111e-01 6.4916848036e-01 6.4752660305e-01 6.4572538259e-01 6.4376619438e-01 6.4165053486e-01 6.3938002045e-01 6.3695638639e-01 6.3438148526e-01 6.3165728524e-01 6.2878586799e-01 6.2576942628e-01 6.2261026173e-01 6.1931078311e-01 6.1587350601e-01 6.1230105395e-01 6.0859616042e-01 6.0476166961e-01 6.0080053211e-01 5.9671579110e-01 5.9251055621e-01 5.8818796739e-01 5.8375116057e-01 5.7920325711e-01 5.7454740656e-01 5.6978690691e-01 5.6492540192e-01 5.5996710716e-01 5.5491695275e-01 5.4978047754e-01 5.4456330370e-01 5.3927010928e-01 5.3390322494e-01 5.2846129246e-01 5.2293874765e-01 5.1732706757e-01 5.1161854974e-01 5.0581270484e-01 4.9992412679e-01 4.9398918773e-01 4.8806763195e-01 4.8223488555e-01 4.7656241500e-01 4.7108707202e-01 4.6577550126e-01 4.6049481766e-01 4.5500379101e-01 4.4897793082e-01 4.4207636314e-01 4.3404833477e-01 4.2486300092e-01 4.1482906299e-01 4.0465547057e-01 3.9540174128e-01 3.8829076859e-01 3.8441252671e-01
3.9465352585e-01 3.9839936676e-01 4.0528104824e-01 4.1426650130e-01 4.2419346320e-01 4.3404833477e-01 4.4314410905e-01 4.5116993308e-01 4.5813673768e-01 4.6426660351e-01 4.6987156830e-01 4.7525343809e-01 4.8064014666e-01 4.8616087583e-01 4.9185275962e-01 4.9768690556e-01 5.0360067456e-01 5.0952588954e-01 5.1540727722e-01 5.2121011089e-01 5.2691932783e-01 5.3253383248e-01 5.3805952965e-01 5.4350352813e-01 5.4887060739e-01 5.5416193870e-01 5.5937541643e-01 5.6450677738e-01 5.6955082470e-01 5.7450235240e-01 5.7935664038e-01 5.8410957899e-01 5.8875756597e-01 5.9329731959e-01 5.9772570827e-01 6.0203964263e-01 6.0623603369e-01 6.1031179821e-01 6.1426388638e-01 6.1808931270e-01 6.2178517928e-01 6.2534868898e-01 6.2877715035e-01 6.3206797797e-01 6.3521869145e-01 6.3822691490e-01 6.4109037768e-01 6.4380691605e-01 6.4637447545e-01 6.4879111285e-01 6.5105499882e-01 6.5316441935e-01 6.5511777737e-01 6.5691359405e-01 6.5855050987e-01 6.6002728569e-01 6.6134280368e-01 6.6249606810e-01 6.6348620612e-01 6.6431246840e-01 6.6497422970e-01 6.6547098928e-01 6.6580237127e-01 6.6596812497e-01 6.6596812497e-01 6.6580237127e-01 6.6547098928e-01 6.6497422970e-01 6.6431246840e-01 6.6348620612e-01 6.6249606810e-01 6.6134280368e-01 6.6002728569e-01 6.5855050987e-01 6.5691359405e-01 6.5511777737e-01 6.5316441935e-01 6.5105499882e-01 6.4879111285e-01 6.4637447545e-01 6.4380691605e-01 6.4109037768e-01 6.3822691490e-01 6.3521869145e-01 6.3206797797e-01 6.2877715035e-01 6.2534868898e-01 6.2178517928e-01 6.1808931270e-01 6.1426388638e-01 6.1031179821e-01 6.0623603369e-01 6.0203964263e-01 5.9772570827e-01 5.9329731959e-01 5.8875756597e-01 5.8410957899e-01 5.7935664038e-01 5.7450235240e-01 5.6955082470e-01 5.6450677738e-01 5.5937541643e-01 5.5416193870e-01 5.4887060739e-01 5.4350352813e-01 5.3805952965e-01 5.3253383248e-01 5.2691932783e-01 5.2121011089e-01 5.1540727722e-01 5.0952588954e-01 5.0360067456e-01 4.9768690556e-01 4.9185275962e-01 4.8616087583e-01 4.8064014666e-01 4.7525343809e-01 4.6987156830e-01 4.6426660351e-01 4.5813673768e-01 4.5116993308e-01 4.4314410905e-01 4.3404833477e-01 4.2419346320e-01 4.1426650130e-01 4.0528104824e-01 3.9839936676e-01 3.9465352585e-01
4.0333944368e-01 4.0699179236e-01 4.1371513570e-01 4.2252385122e-01 4.3230369709e-01 4.4207636314e-01 4.5116993308e-01 4.5926860782e-01 4.6636386978e-01 4.7265159286e-01 4.7841819913e-01 4.8394582091e-01 4.8945131446e-01 4.9506138226e-01 5.0081726381e-01 5.0669773391e-01 5.1264839723e-01 5.1860772416e-01 5.2452445992e-01 5.3036527684e-01 5.3611457961e-01 5.4176974312e-01 5.4733498074e-01 5.5281609299e-01 5.5821715307e-01 5.6353919071e-01 5.6878034540e-01 5.7393677589e-01 5.7900371592e-01 5.8397630241e-01 5.8885004248e-01 5.9362095568e-01 5.9828550836e-01 6.0284046357e-01 6.0728273599e-01 6.1160929550e-01 6.1581712621e-01 6.1990322683e-01 6.2386463201e-01 6.2769843815e-01 6.3140182392e-01 6.3497206266e-01 6.3840652777e-01 6.4170269409e-01 6.4485813775e-01 6.4787053625e-01 6.5073766943e-01 6.5345742122e-01 6.5602778183e-01 6.5844685000e-01 6.6071283517e-01 6.6282405924e-01 6.6477895818e-01 6.6657608337e-01 6.6821410281e-01 6.6969180218e-01 6.7100808585e-01 6.7216197773e-01 6.7315262206e-01 6.7397928413e-01 6.7464135078e-01 6.7513833095e-01 6.7546985600e-01 6.7563568002e-01 6.7563568002e-01 6.7546985600e-01 6.7513833095e-01 6.7464135078e-01 6.7397928413e-01 6.7315262206e-01 6.7216197773e-01 6.7100808585e-01 6.6969180218e-01 6.6821410281e-01 6.6657608337e-01 6.6477895818e-01 6.6282405924e-01 6.6071283517e-01 6.5844685000e-01 6.5602778183e-01 6.5345742122e-01 6.5073766943e-01 6.4787053625e-01 6.4485813775e-01 6.4170269409e-01 6.3840652777e-01 6.3497206266e-01 6.3140182392e-01 6.2769843815e-01 6.2386463201e-01 6.1990322683e-01 6.1581712621e-01 6.1160929550e-01 6.0728273599e-01 6.0284046357e-01 5.9828550836e-01 5.9362095568e-01 5.8885004248e-01 5.8397630241e-01 5.7900371592e-01 5.7393677589e-01 5.6878034540e-01 5.6353919071e-01 5.5821715307e-01 5.5281609299e-01 5.4733498074e-01 5.4176974312e-01 5.3611457961e-01 5.3036527684e-01 5.2452445992e-01 5.1860772416e-01 5.1264839723e-01 5.0669773391e-01 5.0081726381e-01 4.9506138226e-01 4.8945131446e-01 4.8394582091e-01 4.7841819913e-01 4.7265159286e-01 4.6636386978e-01 4.5926860782e-01 4.5116993308e-01 4.4207636314e-01 4.3230369709e-01 4.2252385122e-01 4.1371513570e-01 4.0699179236e-01 4.0333944368e-01
4.1057045340e-01 4.1416242688e-01 4.2078740322e-01 4.2949580873e-01 4.3921010433e-01 4.4897793082e-01 4.5813673768e-01 4.6636386978e-01 4.7363245555e-01 4.8011501698e-01 4.8607575636e-01 4.9178013576e-01 4.9743600391e-01 5.0316856822e-01 5.0902322737e-01 5.1498587660e-01 5.2100958215e-01 5.2703873525e-01 5.3302559314e-01 5.3893798068e-01 5.4475973593e-01 5.5048679640e-01 5.5612181744e-01 5.6166940644e-01 5.6713299958e-01 5.7251350712e-01 5.7780930269e-01 5.8301694130e-01 5.8813206205e-01 5.9315012864e-01 5.9806687066e-01 6.0287844159e-01 6.0758138694e-01 6.1217252750e-01 6.1664883720e-01 6.2100735730e-01 6.2524515618e-01 6.2935932518e-01 6.3334699413e-01 6.3720535235e-01 6.4093166657e-01 6.4452329242e-01 6.4797768027e-01 6.5129237728e-01 6.5446502802e-01 6.5749337508e-01 6.6037526013e-01 6.6310862575e-01 6.6569151750e-01 6.6812208612e-01 6.7039858956e-01 6.7251939483e-01 6.7448297959e-01 6.7628793355e-01 6.7793295969e-01 6.7941687540e-01 6.8073861350e-01 6.8189722312e-01 6.8289187052e-01 6.8372183981e-01 6.8438653349e-01 6.8488547300e-01 6.8521829909e-01 6.8538477207e-01 6.8538477207e-01 6.8521829909e-01 6.8488547300e-01 6.8438653349e-01 6.8372183981e-01 6.8289187052e-01 6.8189722312e-01 6.8073861350e-01 6.7941687540e-01 6.7793295969e-01 6.7628793355e-01 6.7448297959e-01 6.7251939483e-01 6.7039858956e-01 6.6812208612e-01 6.6569151750e-01 6.6310862575e-01 6.6037526013e-01 6.5749337508e-01 6.5446502802e-01 6.5129237728e-01 6.4797768027e-01 6.4452329242e-01 6.4093166657e-01 6.3720535235e-01 6.3334699413e-01 6.2935932518e-01 6.2524515618e-01 6.2100735730e-01 6.1664883720e-01 6.1217252750e-01 6.0758138694e-01 6.0287844159e-01 5.9806687066e-01 5.9315012864e-01 5.8813206205e-01 5.8301694130e-01 5.7780930269e-01 5.7251350712e-01 5.6713299958e-01 5.6166940644e-01 5.5612181744e-01 5.5048679640e-01 5.4475973593e-01 5.3893798068e-01 5.3302559314e-01 5.2703873525e-01 5.2100958215e-01 5.1498587660e-01 5.0902322737e-01 5.0316856822e-01 4.9743600391e-01 4.9178013576e-01 4.8607575636e-01 4.8011501698e-01 4.7363245555e-01 4.6636386978e-01 4.5813673768e-01 4.4897793082e-01 4.3921010433e-01 4.2949580873e-01 4.2078740322e-01 4.1416242688e-01 4.1057045340e-01
4.1671304693e-01 4.2026714070e-01 4.2683405230e-01 4.3549253010e-01 4.4519345402e-01 4.5500379101e-01 4.6426660351e-01 4.7265159286e-01 4.8011501698e-01 4.8680877547e-01 4.9297783261e-01 4.9887346585e-01 5.0469609297e-01 5.1057001500e-01 5.1654457294e-01 5.2261208470e-01 5.2873223907e-01 5.3485462670e-01 5.4093454676e-01 5.4694077372e-01 5.5285658042e-01 5.5867657855e-01 5.6440200096e-01 5.7003636447e-01 5.7558251462e-01 5.8104123621e-01 5.8641109660e-01 5.9168899343e-01 5.9687092070e-01 6.0195263046e-01 6.0693005005e-01 6.1179945333e-01 6.1655745820e-01 6.2120093921e-01 6.2572692597e-01 6.3013252683e-01 6.3441488958e-01 6.3857119336e-01 6.4259865890e-01 6.4649456530e-01 6.5025626534e-01 6.5388119608e-01 6.5736688484e-01 6.6071095179e-01 6.6391111122e-01 6.6696517234e-01 6.6987104060e-01 6.7262671935e-01 6.7523031185e-01 6.7768002326e-01 6.7997416267e-01 6.8211114481e-01 6.8408949165e-01 6.8590783381e-01 6.8756491176e-01 6.8905957699e-01 6.9039079298e-01 6.9155763613e-01 6.9255929656e-01 6.9339507882e-01 6.9406440244e-01 6.9456680249e-01 6.9490192993e-01 6.9506955188e-01 6.9506955188e-01 6.9490192993e-01 6.9456680249e-01 6.9406440244e-01 6.9339507882e-01 6.9255929656e-01 6.9155763613e-01 6.9039079298e-01 6.8905957699e-01 6.8756491176e-01 6.8590783381e-01 6.8408949165e-01 6.8211114481e-01 6.7997416267e-01 6.7768002326e-01 6.7523031185e-01 6.7262671935e-01 6.6987104060e-01 6.6696517234e-01 6.6391111122e-01 6.6071095179e-01 6.5736688484e-01 6.5388119608e-01 6.5025626534e-01 6.4649456530e-01 6.4259865890e-01 6.3857119336e-01 6.3441488958e-01 6.3013252683e-01 6.2572692597e-01 6.2120093921e-01 6.1655745820e-01 6.1179945333e-01 6.0693005005e-01 6.0195263046e-01 5.9687092070e-01 5.9168899343e-01 5.8641109660e-01 5.8104123621e-01 5.7558251462e-01 5.7003636447e-01 5.6440200096e-01 5.5867657855e-01 5.5285658042e-01 5.4694077372e-01 5.4093454676e-01 5.3485462670e-01 5.2873223907e-01 5.2261208470e-01 5.1654457294e-01 5.1057001500e-01 5.0469609297e-01 4.9887346585e-01 4.9297783261e-01 4.8680877547e-01 4.8011501698e-01 4.7265159286e-01 4.6426660351e-01 4.5500379101e-01 4.4519345402e-01 4.3549253010e-01 4.2683405230e-01 4.2026714070e-01 4.1671304693e-01
4.2223106285e-01 4.2575815012e-01 4.3228592863e-01 4.4091689859e-01 4.5062561152e-01 4.6049481766e-01 4.6987156830e-01 4.7841819913e-01 4.8607575636e-01 4.9297783261e-01 4.9935243882e-01 5.0543841758e-01 5.1142971570e-01 5.1744989326e-01 5.2355179236e-01 5.2973339164e-01 5.3596020174e-01 5.4218637544e-01 5.4836987124e-01 5.5448027689e-01 5.6050033844e-01 5.6642346328e-01 5.7224958764e-01 5.7798121949e-01 5.8362063544e-01 5.8916846438e-01 5.9462340516e-01 5.9998262548e-01 6.0524240724e-01 6.1039873738e-01 6.1544770217e-01 6.2038566845e-01 6.2520930592e-01 6.2991552520e-01 6.3450139428e-01 6.3896407081e-01 6.4330076393e-01 6.4750872284e-01 6.5158524259e-01 6.5552767693e-01 6.5933345125e-01 6.6300007225e-01 6.6652513374e-01 6.6990631973e-01 6.7314140594e-01 6.7622826092e-01 6.7916484732e-01 6.8194922344e-01 6.8457954507e-01 6.8705406731e-01 6.8937114640e-01 6.9152924139e-01 6.9352691563e-01 6.9536283809e-01 6.9703578458e-01 6.9854463882e-01 6.9988839342e-01 7.0106615075e-01 7.0207712371e-01 7.0292063642e-01 7.0359612475e-01 7.0410313687e-01 7.0444133355e-01 7.0461048849e-01 7.0461048849e-01 7.0444133355e-01 7.0410313687e-01 7.0359612475e-01 7.0292063642e-01 7.0207712371e-01 7.0106615075e-01 6.9988839342e-01 6.9854463882e-01 6.9703578458e-01 6.9536283809e-01 6.9352691563e-01 6.9152924139e-01 6.8937114640e-01 6.8705406731e-01 6.8457954507e-01 6.8194922344e-01 6.7916484732e-01 6.7622826092e-01 6.7314140594e-01 6.6990631973e-01 6.6652513374e-01 6.6300007225e-01 6.5933345125e-01 6.5552767693e-01 6.5158524259e-01 6.4750872284e-01 6.4330076393e-01 6.3896407081e-01 6.3450139428e-01 6.2991552520e-01 6.2520930592e-01 6.2038566845e-01 6.1544770217e-01 6.1039873738e-01 6.0524240724e-01 5.9998262548e-01 5.9462340516e-01 5.8916846438e-01 5.8362063544e-01 5.7798121949e-01 5.7224958764e-01 5.6642346328e-01 5.6050033844e-01 5.5448027689e-01 5.4836987124e-01 5.4218637544e-01 5.3596020174e-01 5.2973339164e-01 5.2355179236e-01 5.1744989326e-01 5.1142971570e-01 5.0543841758e-01 4.9935243882e-01 4.9297783261e-01 4.8607575636e-01 4.7841819913e-01 4.6987156830e-01 4.6049481766e-01 4.5062561152e-01 4.4091689859e-01 4.3228592863e-01 4.2575815012e-01 4.2223106285e-01
4.2754999776e-01 4.3105119615e-01 4.3754092590e-01 4.4614365901e-01 4.5585596917e-01 4.6577550126e-01 4.7525343809e-01 4.8394582091e-01 4.9178013576e-01 4.9887346585e-01 5.0543841758e-01 5.1170242459e-01 5.1785335491e-01 5.2401383966e-01 5.3023963273e-01 5.3653361744e-01 5.4286641880e-01 5.4919623505e-01 5.5548340798e-01 5.6169827465e-01 5.6782312820e-01 5.7385029958e-01 5.7977854298e-01 5.8560942096e-01 5.9134464444e-01 5.9698464106e-01 6.0252816804e-01 6.0797258272e-01 6.1331438163e-01 6.1854972722e-01 6.2367481953e-01 6.2868608396e-01 6.3358021390e-01 6.3835413040e-01 6.4300491438e-01 6.4752974694e-01 6.5192587242e-01 6.5619058452e-01 6.6032122824e-01 6.6431520930e-01 6.6817000490e-01 6.7188317228e-01 6.7545235441e-01 6.7887528311e-01 6.8214978084e-01 6.8527376191e-01 6.8824523364e-01 6.9106229782e-01 6.9372315222e-01 6.9622609231e-01 6.9856951278e-01 7.0075190911e-01 7.0277187892e-01 7.0462812320e-01 7.0631944740e-01 7.0784476246e-01 7.0920308567e-01 7.1039354153e-01 7.1141536241e-01 7.1226788922e-01 7.1295057189e-01 7.1346296984e-01 7.1380475236e-01 7.1397569879e-01 7.1397569879e-01 7.1380475236e-01 7.1346296984e-01 7.1295057189e-01 7.1226788922e-01 7.1141536241e-01 7.1039354153e-01 7.0920308567e-01 7.0784476246e-01 7.0631944740e-01 7.0462812320e-01 7.0277187892e-01 7.0075190911e-01 6.9856951278e-01 6.9622609231e-01 6.9372315222e-01 6.9106229782e-01 6.8824523364e-01 6.8527376191e-01 6.8214978084e-01 6.7887528311e-01 6.7545235441e-01 6.7188317228e-01 6.6817000490e-01 6.6431520930e-01 6.6032122824e-01 6.5619058452e-01 6.5192587242e-01 6.4752974694e-01 6.4300491438e-01 6.3835413040e-01 6.3358021390e-01 6.2868608396e-01 6.2367481953e-01 6.1854972722e-01 6.1331438163e-01 6.0797258272e-01 6.0252816804e-01 5.9698464106e-01 5.9134464444e-01 5.8560942096e-01 5.7977854298e-01 5.7385029958e-01 5.6782312820e-01 5.6169827465e-01 5.5548340798e-01 5.4919623505e-01 5.4286641880e-01 5.3653361744e-01 5.3023963273e-01 5.2401383966e-01 5.1785335491e-01 5.1170242459e-01 5.0543841758e-01 4.9887346585e-01 4.9178013576e-01 4.8394582091e-01 4.7525343809e-01 4.6577550126e-01 4.5585596917e-01 4.4614365901e-01 4.3754092590e-01 4.3105119615e-01 4.2754999776e-01
4.3297441955e-01 4.3644453404e-01 4.4288583438e-01 4.5144491861e-01 4.6114085549e-01 4.7108707202e-01 4.8064014666e-01 4.8945131446e-01 4.9743600391e-01 5.0469609297e-01 5.1142971570e-01 5.1785335491e-01 5.2414877587e-01 5.3043726369e-01 5.3677683464e-01 5.4317457922e-01 5.4960564733e-01 5.5603189253e-01 5.6241586664e-01 5.6872865784e-01 5.7495221118e-01 5.8107791488e-01 5.8710344857e-01 5.9302948240e-01 5.9885715699e-01 6.0458665014e-01 6.1021670507e-01 6.1574479146e-01 6.2116755082e-01 6.2648126468e-01 6.3168220331e-01 6.3676681664e-01 6.4173179293e-01 6.4657403669e-01 6.5129061471e-01 6.5587870364e-01 6.6033555488e-01 6.6465847882e-01 6.6884484361e-01 6.7289208173e-01 6.7679769864e-01 6.8055928032e-01 6.8417449856e-01 6.8764111413e-01 6.9095697857e-01 6.9412003547e-01 6.9712832149e-01 6.9997996758e-01 7.0267320032e-01 7.0520634326e-01 7.0757781836e-01 7.0978614726e-01 7.1182995249e-01 7.1370795854e-01 7.1541899287e-01 7.1696198678e-01 7.1833597617e-01 7.1954010233e-01 7.2057361249e-01 7.2143586041e-01 7.2212630687e-01 7.2264451999e-01 7.2299017561e-01 7.2316305750e-01 7.2316305750e-01 7.2299017561e-01 7.2264451999e-01 7.2212630687e-01 7.2143586041e-01 7.2057361249e-01 7.1954010233e-01 7.1833597617e-01 7.1696198678e-01 7.1541899287e-01 7.1370795854e-01 7.1182995249e-01 7.0978614726e-01 7.0757781836e-01 7.0520634326e-01 7.0267320032e-01 6.9997996758e-01 6.9712832149e-01 6.9412003547e-01 6.9095697857e-01 6.8764111413e-01 6.8417449856e-01 6.8055928032e-01 6.7679769864e-01 6.7289208173e-01 6.6884484361e-01 6.6465847882e-01 6.6033555488e-01 6.5587870364e-01 6.5129061471e-01 6.4657403669e-01 6.4173179293e-01 6.3676681664e-01 6.3168220331e-01 6.2648126468e-01 6.2116755082e-01 6.1574479146e-01 6.1021670507e-01 6.0458665014e-01 5.9885715699e-01 5.9302948240e-01 5.8710344857e-01 5.8107791488e-01 5.7495221118e-01 5.6872865784e-01 5.6241586664e-01 5.5603189253e-01 5.4960564733e-01 5.4317457922e-01 5.3677683464e-01 5.3043726369e-01 5.2414877587e-01 5.1785335491e-01 5.1142971570e-01 5.0469609297e-01 4.9743600391e-01 4.8945131446e-01 4.8064014666e-01 4.7108707202e-01 4.6114085549e-01 4.5144491861e-01 4.4288583438e-01 4.3644453404e-01 4.3297441955e-01
4.3866041627e-01 4.4209169205e-01 4.4846963636e-01 4.5696407014e-01 4.6661803412e-01 4.7656241500e-01 4.8616087583e-01 4.9506138226e-01 5.0316856822e-01 5.1057001500e-01 5.1744989326e-01 5.2401383966e-01 5.3043726369e-01 5.3683959427e-01 5.4328048094e-01 5.4977061637e-01 5.5628920606e-01 5.6280148135e-01 5.6927211543e-01 5.7567300087e-01 5.8198586274e-01 5.8820128592e-01 5.9431598119e-01 6.0032977776e-01 6.0624324393e-01 6.1205626629e-01 6.1776751226e-01 6.2337449834e-01 6.2887395282e-01 6.3426222967e-01 6.3953563394e-01 6.4469061250e-01 6.4972382494e-01 6.5463213670e-01 6.5941257718e-01 6.6406229435e-01 6.6857852161e-01 6.7295856096e-01 6.7719977934e-01 6.8129961268e-01 6.8525557273e-01 6.8906525358e-01 6.9272633645e-01 6.9623659276e-01 6.9959388594e-01 7.0279617260e-01 7.0584150345e-01 7.0872802426e-01 7.1145397698e-01 7.1401770082e-01 7.1641763339e-01 7.1865231185e-01 7.2072037382e-01 7.2262055839e-01 7.2435170689e-01 7.2591276365e-01 7.2730277671e-01 7.2852089835e-01 7.2956638568e-01 7.3043860108e-01 7.3113701261e-01 7.3166119430e-01 7.3201082648e-01 7.3218569589e-01 7.3218569589e-01 7.3201082648e-01 7.3166119430e-01 7.3113701261e-01 7.3043860108e-01 7.2956638568e-01 7.2852089835e-01 7.2730277671e-01 7.2591276365e-01 7.2435170689e-01 7.2262055839e-01 7.2072037382e-01 7.1865231185e-01 7.1641763339e-01 7.1401770082e-01 7.1145397698e-01 7.0872802426e-01 7.0584150345e-01 7.0279617260e-01 6.9959388594e-01 6.9623659276e-01 6.9272633645e-01 6.8906525358e-01 6.8525557273e-01 6.8129961268e-01 6.7719977934e-01 6.7295856096e-01 6.6857852161e-01 6.6406229435e-01 6.5941257718e-01 6.5463213670e-01 6.4972382494e-01 6.4469061250e-01 6.3953563394e-01 6.3426222967e-01 6.2887395282e-01 6.2337449834e-01 6.1776751226e-01 6.1205626629e-01 6.0624324393e-01 6.0032977776e-01 5.9431598119e-01 5.8820128592e-01 5.8198586274e-01 5.7567300087e-01 5.6927211543e-01 5.6280148135e-01 5.5628920606e-01 5.4977061637e-01 5.4328048094e-01 5.3683959427e-01 5.3043726369e-01 5.2401383966e-01 5.1744989326e-01 5.1057001500e-01 5.0316856822e-01 4.9506138226e-01 4.8616087583e-01 4.7656241500e-01 4.6661803412e-01 4.5696407014e-01 4.4846963636e-01 4.4209169205e-01 4.3866041627e-01
4.4463216579e-01 4.4801736960e-01 4.5431814271e-01 4.6272871781e-01 4.7231763653e-01 4.8223488555e-01 4.9185275962e-01 5.0081726381e-01 5.0902322737e-01 5.1654457294e-01 5.2355179236e-01 5.3023963273e-01 5.3677683464e-01 5.4328048094e-01 5.4981130344e-01 5.5638309831e-01 5.6297876372e-01 5.6956671830e-01 5.7611372707e-01 5.8259257276e-01 5.8898490193e-01 5.9528063898e-01 6.0147563320e-01 6.0756892922e-01 6.1356053080e-01 6.1945000607e-01 6.2523590136e-01 6.3091573139e-01 6.3648626865e-01 6.4194390673e-01 6.4728496179e-01 6.5250586012e-01 6.5760321807e-01 6.6257384760e-01 6.6741472518e-01 6.7212295294e-01 6.7669572797e-01 6.8113032505e-01 6.8542409117e-01 6.8957444756e-01 6.9357889489e-01 6.9743501880e-01 7.0114049419e-01 7.0469308817e-01 7.0809066171e-01 7.1133117081e-01 7.1441266722e-01 7.1733329923e-01 7.2009131253e-01 7.2268505107e-01 7.2511295796e-01 7.2737357635e-01 7.2946555022e-01 7.3138762518e-01 7.3313864907e-01 7.3471757262e-01 7.3612344997e-01 7.3735543916e-01 7.3841280254e-01 7.3929490716e-01 7.4000122508e-01 7.4053133362e-01 7.4088491561e-01 7.4106175951e-01 7.4106175951e-01 7.4088491561e-01 7.4053133362e-01 7.4000122508e-01 7.3929490716e-01 7.3841280254e-01 7.3735543916e-01 7.3612344997e-01 7.3471757262e-01 7.3313864907e-01 7.3138762518e-01 7.2946555022e-01 7.2737357635e-01 7.2511295796e-01 7.2268505107e-01 7.2009131253e-01 7.1733329923e-01 7.1441266722e-01 7.1133117081e-01 7.0809066171e-01 7.0469308817e-01 7.0114049419e-01 6.9743501880e-01 6.9357889489e-01 6.8957444756e-01 6.8542409117e-01 6.8113032505e-01 6.7669572797e-01 6.7212295294e-01 6.6741472518e-01 6.6257384760e-01 6.5760321807e-01 6.5250586012e-01 6.4728496179e-01 6.4194390673e-01 6.3648626865e-01 6.3091573139e-01 6.2523590136e-01 6.1945000607e-01 6.1356053080e-01 6.0756892922e-01 6.0147563320e-01 5.9528063898e-01 5.8898490193e-01 5.8259257276e-01 5.7611372707e-01 5.6956671830e-01 5.6297876372e-01 5.5638309831e-01 5.4981130344e-01 5.4328048094e-01 5.3677683464e-01 5.3023963273e-01 5.2355179236e-01 5.1654457294e-01 5.0902322737e-01 5.0081726381e-01 4.9185275962e-01 4.8223488555e-01 4.7231763653e-01 4.6272871781e-01 4.5431814271e-01 4.4801736960e-01 4.4463216579e-01
4.5082448273e-01 4.5415877711e-01 4.6037309429e-01 4.6868680770e-01 4.7819493012e-01 4.8806763195e-01 4.9768690556e-01 5.0669773391e-01 5.1498587660e-01 5.2261208470e-01 5.2973339164e-01 5.3653361744e-01 5.4317457922e-01 5.4977061637e-01 5.5638309831e-01 5.6302852726e-01 5.6969321355e-01 5.7634862940e-01 5.8296363388e-01 5.8951199823e-01 5.9597543379e-01 6.0234334622e-01 6.0861083236e-01 6.1477621569e-01 6.2083895578e-01 6.2679829142e-01 6.3265262067e-01 6.3839942562e-01 6.4403549660e-01 6.4955724829e-01 6.5496099662e-01 6.6024314084e-01 6.6540024941e-01 6.7042907582e-01 6.7532653700e-01 6.8008968071e-01 6.8471565761e-01 6.8920170415e-01 6.9354513585e-01 6.9774334768e-01 7.0179381794e-01 7.0569411283e-01 7.0944189034e-01 7.1303490287e-01 7.1647099898e-01 7.1974812426e-01 7.2286432211e-01 7.2581773430e-01 7.2860660161e-01 7.3122926449e-01 7.3368416374e-01 7.3596984123e-01 7.3808494047e-01 7.4002820726e-01 7.4179849014e-01 7.4339474094e-01 7.4481601511e-01 7.4606147217e-01 7.4713037597e-01 7.4802209503e-01 7.4873610274e-01 7.4927197756e-01 7.4962940321e-01 7.4980816878e-01 7.4980816878e-01 7.4962940321e-01 7.4927197756e-01 7.4873610274e-01 7.4802209503e-01 7.4713037597e-01 7.4606147217e-01 7.4481601511e-01 7.4339474094e-01 7.4179849014e-01 7.4002820726e-01 7.3808494047e-01 7.3596984123e-01 7.3368416374e-01 7.3122926449e-01 7.2860660161e-01 7.2581773430e-01 7.2286432211e-01 7.1974812426e-01 7.1647099898e-01 7.1303490287e-01 7.0944189034e-01 7.0569411283e-01 7.0179381794e-01 6.9774334768e-01 6.9354513585e-01 6.8920170415e-01 6.8471565761e-01 6.8008968071e-01 6.7532653700e-01 6.7042907582e-01 6.6540024941e-01 6.6024314084e-01 6.5496099662e-01 6.4955724829e-01 6.4403549660e-01 6.3839942562e-01 6.3265262067e-01 6.2679829142e-01 6.2083895578e-01 6.1477621569e-01 6.0861083236e-01 6.0234334622e-01 5.9597543379e-01 5.8951199823e-01 5.8296363388e-01 5.7634862940e-01 5.6969321355e-01 5.6302852726e-01 5.5638309831e-01 5.4977061637e-01 5.4317457922e-01 5.3653361744e-01 5.2973339164e-01 5.2261208470e-01 5.1498587660e-01 5.0669773391e-01 4.9768690556e-01 4.8806763195e-01 4.7819493012e-01 4.6868680770e-01 4.6037309429e-01 4.5415877711e-01 4.5082448273e-01
4.5713211031e-01 4.6041365514e-01 4.6653783084e-01 4.7474919956e-01 4.8416942043e-01 4.9398918773e-01 5.0360067456e-01 5.1264839723e-01 5.2100958215e-01 5.2873223907e-01 5.3596020174e-01 5.4286641880e-01 5.4960564733e-01 5.5628920606e-01 5.6297876372e-01 5.6969321355e-01 5.7642205184e-01 5.8313969822e-01 5.8981711503e-01 5.9642915511e-01 6.0295772838e-01 6.0939185633e-01 6.1572599108e-01 6.2195780381e-01 6.2808624125e-01 6.3411021658e-01 6.4002796809e-01 6.4583692957e-01 6.5153389656e-01 6.5711529818e-01 6.6257744918e-01 6.6791672455e-01 6.7312964888e-01 6.7821292061e-01 6.8316339869e-01 6.8797807600e-01 6.9265405439e-01 6.9718852829e-01 7.0157877719e-01 7.0582216483e-01 7.0991614192e-01 7.1385824995e-01 7.1764612458e-01 7.2127749816e-01 7.2475020125e-01 7.2806216362e-01 7.3121141480e-01 7.3419608458e-01 7.3701440351e-01 7.3966470335e-01 7.4214541763e-01 7.4445508215e-01 7.4659233544e-01 7.4855591925e-01 7.5034467887e-01 7.5195756355e-01 7.5339362678e-01 7.5465202655e-01 7.5573202561e-01 7.5663299163e-01 7.5735439744e-01 7.5789582113e-01 7.5825694615e-01 7.5843756144e-01 7.5843756144e-01 7.5825694615e-01 7.5789582113e-01 7.5735439744e-01 7.5663299163e-01 7.5573202561e-01 7.5465202655e-01 7.5339362678e-01 7.5195756355e-01 7.5034467887e-01 7.4855591925e-01 7.4659233544e-01 7.4445508215e-01 7.4214541763e-01 7.3966470335e-01 7.3701440351e-01 7.3419608458e-01 7.3121141480e-01 7.2806216362e-01 7.2475020125e-01 7.2127749816e-01 7.1764612458e-01 7.1385824995e-01 7.0991614192e-01 7.0582216483e-01 7.0157877719e-01 6.9718852829e-01 6.9265405439e-01 6.8797807600e-01 6.8316339869e-01 6.7821292061e-01 6.7312964888e-01 6.6791672455e-01 6.6257744918e-01 6.5711529818e-01 6.5153389656e-01 6.4583692957e-01 6.4002796809e-01 6.3411021658e-01 6.2808624125e-01 6.2195780381e-01 6.1572599108e-01 6.0939185633e-01 6.0295772838e-01 5.9642915511e-01 5.8981711503e-01 5.8313969822e-01 5.7642205184e-01 5.6969321355e-01 5.6297876372e-01 5.5628920606e-01 5.4960564733e-01 5.4286641880e-01 5.3596020174e-01 5.2873223907e-01 5.2100958215e-01 5.1264839723e-01 5.0360067456e-01 4.9398918773e-01 4.8416942043e-01 4.7474919956e-01 4.6653783084e-01 4.6041365514e-01 4.5713211031e-01
4.6345078244e-01 4.6668035509e-01 4.7271556588e-01 4.8082557645e-01 4.9015813385e-01 4.9992412679e-01 5.0952588954e-01 5.1860772416e-01 5.2703873525e-01 5.3485462670e-01 5.4218637544e-01 5.4919623505e-01 5.5603189253e-01 5.6280148135e-01 5.6956671830e-01 5.7634862940e-01 5.8313969822e-01 5.8991718960e-01 5.9665416662e-01 6.0332663799e-01 6.0991682765e-01 6.1641349431e-01 6.2281054728e-01 6.2910507568e-01 6.3529555173e-01 6.4138057674e-01 6.4735822880e-01 6.5322588834e-01 6.5898035265e-01 6.6461806643e-01 6.7013534907e-01 6.7552856014e-01 6.8079419031e-01 6.8592889212e-01 6.9092947409e-01 6.9579287965e-01 7.0051616550e-01 7.0509648612e-01 7.0953108599e-01 7.1381729797e-01 7.1795254500e-01 7.2193434328e-01 7.2576030528e-01 7.2942814203e-01 7.3293566466e-01 7.3628078528e-01 7.3946151757e-01 7.4247597720e-01 7.4532238218e-01 7.4799905324e-01 7.5050441425e-01 7.5283699258e-01 7.5499541945e-01 7.5697843031e-01 7.5878486508e-01 7.6041366840e-01 7.6186388991e-01 7.6313468437e-01 7.6422531187e-01 7.6513513797e-01 7.6586363375e-01 7.6641037601e-01 7.6677504726e-01 7.6695743580e-01 7.6695743580e-01 7.6677504726e-01 7.6641037601e-01 7.6586363375e-01 7.6513513797e-01 7.6422531187e-01 7.6313468437e-01 7.6186388991e-01 7.6041366840e-01 7.5878486508e-01 7.5697843031e-01 7.5499541945e-01 7.5283699258e-01 7.5050441425e-01 7.4799905324e-01 7.4532238218e-01 7.4247597720e-01 7.3946151757e-01 7.3628078528e-01 7.3293566466e-01 7.2942814203e-01 7.2576030528e-01 7.2193434328e-01 7.1795254500e-01 7.1381729797e-01 7.0953108599e-01 7.0509648612e-01 7.0051616550e-01 6.9579287965e-01 6.9092947409e-01 6.8592889212e-01 6.8079419031e-01 6.7552856014e-01 6.7013534907e-01 6.6461806643e-01 6.5898035265e-01 6.5322588834e-01 6.4735822880e-01 6.4138057674e-01 6.3529555173e-01 6.2910507568e-01 6.2281054728e-01 6.1641349431e-01 6.0991682765e-01 6.0332663799e-01 5.9665416662e-01 5.8991718960e-01 5.8313969822e-01 5.7634862940e-01 5.6956671830e-01 5.6280148135e-01 5.5603189253e-01 5.4919623505e-01 5.4218637544e-01 5.3485462670e-01 5.2703873525e-01 5.1860772416e-01 5.0952588954e-01 4.9992412679e-01 4.9015813385e-01 4.8082557645e-01 4.7271556588e-01 4.6668035509e-01 4.6345078244e-01
