3.5106628172e-01 4.1341369456e-01 4.6045260187e-01 5.0632184877e-01 5.4579938439e-01 5.7751576819e-01 5.9960620099e-01 6.1096708378e-01 6.1096708378e-01 5.9960620099e-01 5.7751576819e-01 5.4579938439e-01 5.0632184877e-01 4.6045260187e-01 4.1341369456e-01 3.5106628172e-01
4.1341369456e-01 4.7871086840e-01 5.3080352137e-01 5.7956167637e-01 6.2139306954e-01 6.5459269435e-01 6.7760911213e-01 6.8938928842e-01 6.8938928842e-01 6.7760911213e-01 6.5459269435e-01 6.2139306954e-01 5.7956167637e-01 5.3080352137e-01 4.7871086840e-01 4.1341369456e-01
4.6045260187e-01 5.3080352137e-01 5.8987055306e-01 6.4397545308e-01 6.9036794342e-01 7.2694355154e-01 7.5221423898e-01 7.6510702901e-01 7.6510702901e-01 7.5221423898e-01 7.2694355154e-01 6.9036794342e-01 6.4397545308e-01 5.8987055306e-01 5.3080352137e-01 4.6045260187e-01
5.0632184877e-01 5.7956167637e-01 6.4397545308e-01 7.0215538262e-01 7.5202417281e-01 7.9123233030e-01 8.1827942379e-01 8.3206118395e-01 8.3206118395e-01 8.1827942379e-01 7.9123233030e-01 7.5202417281e-01 7.0215538262e-01 6.4397545308e-01 5.7956167637e-01 5.0632184877e-01
5.4579938439e-01 6.2139306954e-01 6.9036794342e-01 7.5202417281e-01 8.0473639222e-01 8.4606400753e-01 8.7451527531e-01 8.8899463487e-01 8.8899463487e-01 8.7451527531e-01 8.4606400753e-01 8.0473639222e-01 7.5202417281e-01 6.9036794342e-01 6.2139306954e-01 5.4579938439e-01
5.7751576819e-01 6.5459269435e-01 7.2694355154e-01 7.9123233030e-01 8.4606400753e-01 8.8897213117e-01 9.1846489315e-01 9.3346093821e-01 9.3346093821e-01 9.1846489315e-01 8.8897213117e-01 8.4606400753e-01 7.9123233030e-01 7.2694355154e-01 6.5459269435e-01 5.7751576819e-01
5.9960620099e-01 6.7760911213e-01 7.5221423898e-01 8.1827942379e-01 8.7451527531e-01 9.1846489315e-01 9.4863998166e-01 9.6397370080e-01 9.6397370080e-01 9.4863998166e-01 9.1846489315e-01 8.7451527531e-01 8.1827942379e-01 7.5221423898e-01 6.7760911213e-01 5.9960620099e-01
6.1096708378e-01 6.8938928842e-01 7.6510702901e-01 8.3206118395e-01 8.8899463487e-01 9.3346093821e-01 9.6397370080e-01 9.7947434103e-01 9.7947434103e-01 9.6397370080e-01 9.3346093821e-01 8.8899463487e-01 8.3206118395e-01 7.6510702901e-01 6.8938928842e-01 6.1096708378e-01
6.1096708378e-01 6.8938928842e-01 7.6510702901e-01 8.3206118395e-01 8.8899463487e-01 9.3346093821e-01 9.6397370080e-01 9.7947434103e-01 9.7947434103e-01 9.6397370080e-01 9.3346093821e-01 8.8899463487e-01 8.3206118395e-01 7.6510702901e-01 6.8938928842e-01 6.1096708378e-01
5.9960620099e-01 6.7760911213e-01 7.5221423898e-01 8.1827942379e-01 8.7451527531e-01 9.1846489315e-01 9.4863998166e-01 9.6397370080e-01 9.6397370080e-01 9.4863998166e-01 9.1846489315e-01 8.7451527531e-01 8.1827942379e-01 7.5221423898e-01 6.7760911213e-01 5.9960620099e-01
5.7751576819e-01 6.5459269435e-01 7.2694355154e-01 7.9123233030e-01 8.4606400753e-01 8.8897213117e-01 9.1846489315e-01 9.3346093821e-01 9.3346093821e-01 9.1846489315e-01 8.8897213117e-01 8.4606400753e-01 7.9123233030e-01 7.2694355154e-01 6.5459269435e-01 5.7751576819e-01
5.4579938439e-01 6.2139306954e-01 6.9036794342e-01 7.5202417281e-01 8.0473639222e-01 8.4606400753e-01 8.7451527531e-01 8.8899463487e-01 8.8899463487e-01 8.7451527531e-01 8.4606400753e-01 8.0473639222e-01 7.5202417281e-01 6.9036794342e-01 6.2139306954e-01 5.4579938439e-01
5.0632184877e-01 5.7956167637e-01 6.4397545308e-01 7.0215538262e-01 7.5202417281e-01 7.9123233030e-01 8.1827942379e-01 8.3206118395e-01 8.3206118395e-01 8.1827942379e-01 7.9123233030e-01 7.5202417281e-01 7.0215538262e-01 6.4397545308e-01 5.7956167637e-01 5.0632184877e-01
4.6045260187e-01 5.3080352137e-01 5.8987055306e-01 6.4397545308e-01 6.9036794342e-01 7.2694355154e-01 7.5221423898e-01 7.6510702901e-01 7.6510702901e-01 7.5221423898e-01 7.2694355154e-01 6.9036794342e-01 6.4397545308e-01 5.8987055306e-01 5.3080352137e-01 4.6045260187e-01
4.1341369456e-01 4.7871086840e-01 5.3080352137e-01 5.7956167637e-01 6.2139306954e-01 6.5459269435e-01 6.7760911213e-01 6.8938928842e-01 6.8938928842e-01 6.7760911213e-01 6.5459269435e-01 6.2139306954e-01 5.7956167637e-01 5.3080352137e-01 4.7871086840e-01 4.1341369456e-01
3.5106628172e-01 4.1341369456e-01 4.6045260187e-01 5.0632184877e-01 5.4579938439e-01 5.7751576819e-01 5.9960620099e-01 6.1096708378e-01 6.1096708378e-01 5.9960620099e-01 5.7751576819e-01 5.4579938439e-01 5.0632184877e-01 4.6045260187e-01 4.1341369456e-01 3.5106628172e-01
