3.3686914976e-01 3.7857546321e-01 4.0858088307e-01 4.3051001409e-01 4.5519318803e-01 4.7923963596e-01 5.0180418667e-01 5.2303626091e-01 5.4264234576e-01 5.6034653140e-01 5.7595467202e-01 5.8926317333e-01 6.0011472659e-01 6.0837092898e-01 6.1393316363e-01 6.1673103021e-01 6.1673103021e-01 6.1393316363e-01 6.0837092898e-01 6.0011472659e-01 5.8926317333e-01 5.7595467202e-01 5.6034653140e-01 5.4264234576e-01 5.2303626091e-01 5.0180418667e-01 4.7923963596e-01 4.5519318803e-01 4.3051001409e-01 4.0858088307e-01 3.7857546321e-01 3.3686914976e-01
3.7857546321e-01 4.1587693766e-01 4.4504603544e-01 4.6708531368e-01 4.9088505805e-01 5.1414522738e-01 5.3605348974e-01 5.5665021274e-01 5.7568108184e-01 5.9288191805e-01 6.0805581556e-01 6.2100350235e-01 6.3156649983e-01 6.3960717349e-01 6.4502584008e-01 6.4775213014e-01 6.4775213014e-01 6.4502584008e-01 6.3960717349e-01 6.3156649983e-01 6.2100350235e-01 6.0805581556e-01 5.9288191805e-01 5.7568108184e-01 5.5665021274e-01 5.3605348974e-01 5.1414522738e-01 4.9088505805e-01 4.6708531368e-01 4.4504603544e-01 4.1587693766e-01 3.7857546321e-01
4.0858088307e-01 4.4504603544e-01 4.7636323576e-01 5.0067404721e-01 5.2564795788e-01 5.4999892885e-01 5.7289286089e-01 5.9427155447e-01 6.1393228036e-01 6.3163626257e-01 6.4720102324e-01 6.6044726537e-01 6.7123041137e-01 6.7942574535e-01 6.8494225902e-01 6.8771601760e-01 6.8771601760e-01 6.8494225902e-01 6.7942574535e-01 6.7123041137e-01 6.6044726537e-01 6.4720102324e-01 6.3163626257e-01 6.1393228036e-01 5.9427155447e-01 5.7289286089e-01 5.4999892885e-01 5.2564795788e-01 5.0067404721e-01 4.7636323576e-01 4.4504603544e-01 4.0858088307e-01
4.3051001409e-01 4.6708531368e-01 5.0067404721e-01 5.2738215839e-01 5.5404843211e-01 5.8002599605e-01 6.0445652487e-01 6.2718904320e-01 6.4803296536e-01 6.6675469001e-01 6.8317241269e-01 6.9711458089e-01 7.0844304196e-01 7.1704048492e-01 7.2282142134e-01 7.2572634246e-01 7.2572634246e-01 7.2282142134e-01 7.1704048492e-01 7.0844304196e-01 6.9711458089e-01 6.8317241269e-01 6.6675469001e-01 6.4803296536e-01 6.2718904320e-01 6.0445652487e-01 5.8002599605e-01 5.5404843211e-01 5.2738215839e-01 5.0067404721e-01 4.6708531368e-01 4.3051001409e-01
4.5519318803e-01 4.9088505805e-01 5.2564795788e-01 5.5404843211e-01 5.8190933080e-01 6.0904088305e-01 6.3462464242e-01 6.5842731804e-01 6.8024526245e-01 6.9983765671e-01 7.1701067785e-01 7.3158754168e-01 7.4342570998e-01 7.5240635107e-01 7.5844282762e-01 7.6147557761e-01 7.6147557761e-01 7.5844282762e-01 7.5240635107e-01 7.4342570998e-01 7.3158754168e-01 7.1701067785e-01 6.9983765671e-01 6.8024526245e-01 6.5842731804e-01 6.3462464242e-01 6.0904088305e-01 5.8190933080e-01 5.5404843211e-01 5.2564795788e-01 4.9088505805e-01 4.5519318803e-01
4.7923963596e-01 5.1414522738e-01 5.4999892885e-01 5.8002599605e-01 6.0904088305e-01 6.3721014909e-01 6.6380374957e-01 6.8853431644e-01 7.1118818596e-01 7.3152424798e-01 7.4934192125e-01 7.6446112394e-01 7.7673582787e-01 7.8604549015e-01 7.9230187329e-01 7.9544479019e-01 7.9544479019e-01 7.9230187329e-01 7.8604549015e-01 7.7673582787e-01 7.6446112394e-01 7.4934192125e-01 7.3152424798e-01 7.1118818596e-01 6.8853431644e-01 6.6380374957e-01 6.3721014909e-01 6.0904088305e-01 5.8002599605e-01 5.4999892885e-01 5.1414522738e-01 4.7923963596e-01
5.0180418667e-01 5.3605348974e-01 5.7289286089e-01 6.0445652487e-01 6.3462464242e-01 6.6380374957e-01 6.9135867389e-01 7.1696531303e-01 7.4039947085e-01 7.6142197231e-01 7.7982949378e-01 7.9544133936e-01 8.0811040839e-01 8.1771609595e-01 8.2416980473e-01 8.2741141806e-01 8.2741141806e-01 8.2416980473e-01 8.1771609595e-01 8.0811040839e-01 7.9544133936e-01 7.7982949378e-01 7.6142197231e-01 7.4039947085e-01 7.1696531303e-01 6.9135867389e-01 6.6380374957e-01 6.3462464242e-01 6.0445652487e-01 5.7289286089e-01 5.3605348974e-01 5.0180418667e-01
5.2303626091e-01 5.5665021274e-01 5.9427155447e-01 6.2718904320e-01 6.5842731804e-01 6.8853431644e-01 7.1696531303e-01 7.4337264865e-01 7.6751982423e-01 7.8916811907e-01 8.0811218090e-01 8.2417104545e-01 8.3719716176e-01 8.4707033489e-01 8.5370209409e-01 8.5703267977e-01 8.5703267977e-01 8.5370209409e-01 8.4707033489e-01 8.3719716176e-01 8.2417104545e-01 8.0811218090e-01 7.8916811907e-01 7.6751982423e-01 7.4337264865e-01 7.1696531303e-01 6.8853431644e-01 6.5842731804e-01 6.2718904320e-01 5.9427155447e-01 5.5665021274e-01 5.2303626091e-01
5.4264234576e-01 5.7568108184e-01 6.1393228036e-01 6.4803296536e-01 6.8024526245e-01 7.1118818596e-01 7.4039947085e-01 7.6751982423e-01 7.9230167160e-01 8.1450615317e-01 8.3392657074e-01 8.5038190192e-01 8.6372441606e-01 8.7383443314e-01 8.8062376083e-01 8.8403305310e-01 8.8403305310e-01 8.8062376083e-01 8.7383443314e-01 8.6372441606e-01 8.5038190192e-01 8.3392657074e-01 8.1450615317e-01 7.9230167160e-01 7.6751982423e-01 7.4039947085e-01 7.1118818596e-01 6.8024526245e-01 6.4803296536e-01 6.1393228036e-01 5.7568108184e-01 5.4264234576e-01
5.6034653140e-01 5.9288191805e-01 6.3163626257e-01 6.6675469001e-01 6.9983765671e-01 7.3152424798e-01 7.6142197231e-01 7.8916811907e-01 8.1450615317e-01 8.3719692779e-01 8.5703310344e-01 8.7383395123e-01 8.8745189014e-01 8.9776788810e-01 9.0469416818e-01 9.0817184125e-01 9.0817184125e-01 9.0469416818e-01 8.9776788810e-01 8.8745189014e-01 8.7383395123e-01 8.5703310344e-01 8.3719692779e-01 8.1450615317e-01 7.8916811907e-01 7.6142197231e-01 7.3152424798e-01 6.9983765671e-01 6.6675469001e-01 6.3163626257e-01 5.9288191805e-01 5.6034653140e-01
5.7595467202e-01 6.0805581556e-01 6.4720102324e-01 6.8317241269e-01 7.1701067785e-01 7.4934192125e-01 7.7982949378e-01 8.0811218090e-01 8.3392657074e-01 8.5703310344e-01 8.7722419733e-01 8.9431961392e-01 9.0817212472e-01 9.1866340238e-01 9.2570615655e-01 9.2924196383e-01 9.2924196383e-01 9.2570615655e-01 9.1866340238e-01 9.0817212472e-01 8.9431961392e-01 8.7722419733e-01 8.5703310344e-01 8.3392657074e-01 8.0811218090e-01 7.7982949378e-01 7.4934192125e-01 7.1701067785e-01 6.8317241269e-01 6.4720102324e-01 6.0805581556e-01 5.7595467202e-01
5.8926317333e-01 6.2100350235e-01 6.6044726537e-01 6.9711458089e-01 7.3158754168e-01 7.6446112394e-01 7.9544133936e-01 8.2417104545e-01 8.5038190192e-01 8.7383395123e-01 8.9431961392e-01 9.1165923191e-01 9.2570603193e-01 9.3634238125e-01 9.4348148822e-01 9.4706537110e-01 9.4706537110e-01 9.4348148822e-01 9.3634238125e-01 9.2570603193e-01 9.1165923191e-01 8.9431961392e-01 8.7383395123e-01 8.5038190192e-01 8.2417104545e-01 7.9544133936e-01 7.6446112394e-01 7.3158754168e-01 6.9711458089e-01 6.6044726537e-01 6.2100350235e-01 5.8926317333e-01
6.0011472659e-01 6.3156649983e-01 6.7123041137e-01 7.0844304196e-01 7.4342570998e-01 7.7673582787e-01 8.0811040839e-01 8.3719716176e-01 8.6372441606e-01 8.8745189014e-01 9.0817212472e-01 9.2570603193e-01 9.3990730271e-01 9.5065892568e-01 9.5787456471e-01 9.6149662383e-01 9.6149662383e-01 9.5787456471e-01 9.5065892568e-01 9.3990730271e-01 9.2570603193e-01 9.0817212472e-01 8.8745189014e-01 8.6372441606e-01 8.3719716176e-01 8.0811040839e-01 7.7673582787e-01 7.4342570998e-01 7.0844304196e-01 6.7123041137e-01 6.3156649983e-01 6.0011472659e-01
6.0837092898e-01 6.3960717349e-01 6.7942574535e-01 7.1704048492e-01 7.5240635107e-01 7.8604549015e-01 8.1771609595e-01 8.4707033489e-01 8.7383443314e-01 8.9776788810e-01 9.1866340238e-01 9.3634238125e-01 9.5065892568e-01 9.6149653089e-01 9.6876923683e-01 9.7241975655e-01 9.7241975655e-01 9.6876923683e-01 9.6149653089e-01 9.5065892568e-01 9.3634238125e-01 9.1866340238e-01 8.9776788810e-01 8.7383443314e-01 8.4707033489e-01 8.1771609595e-01 7.8604549015e-01 7.5240635107e-01 7.1704048492e-01 6.7942574535e-01 6.3960717349e-01 6.0837092898e-01
6.1393316363e-01 6.4502584008e-01 6.8494225902e-01 7.2282142134e-01 7.5844282762e-01 7.9230187329e-01 8.2416980473e-01 8.5370209409e-01 8.8062376083e-01 9.0469416818e-01 9.2570615655e-01 9.4348148822e-01 9.5787456471e-01 9.6876923683e-01 9.7607981026e-01 9.7974921273e-01 9.7974921273e-01 9.7607981026e-01 9.6876923683e-01 9.5787456471e-01 9.4348148822e-01 9.2570615655e-01 9.0469416818e-01 8.8062376083e-01 8.5370209409e-01 8.2416980473e-01 7.9230187329e-01 7.5844282762e-01 7.2282142134e-01 6.8494225902e-01 6.4502584008e-01 6.1393316363e-01
6.1673103021e-01 6.4775213014e-01 6.8771601760e-01 7.2572634246e-01 7.6147557761e-01 7.9544479019e-01 8.2741141806e-01 8.5703267977e-01 8.8403305310e-01 9.0817184125e-01 9.2924196383e-01 9.4706537110e-01 9.6149662383e-01 9.7241975655e-01 9.7974921273e-01 9.8342803030e-01 9.8342803030e-01 9.7974921273e-01 9.7241975655e-01 9.6149662383e-01 9.4706537110e-01 9.2924196383e-01 9.0817184125e-01 8.8403305310e-01 8.5703267977e-01 8.2741141806e-01 7.9544479019e-01 7.6147557761e-01 7.2572634246e-01 6.8771601760e-01 6.4775213014e-01 6.1673103021e-01
6.1673103021e-01 6.4775213014e-01 6.8771601760e-01 7.2572634246e-01 7.6147557761e-01 7.9544479019e-01 8.2741141806e-01 8.5703267977e-01 8.8403305310e-01 9.0817184125e-01 9.2924196383e-01 9.4706537110e-01 9.6149662383e-01 9.7241975655e-01 9.7974921273e-01 9.8342803030e-01 9.8342803030e-01 9.7974921273e-01 9.7241975655e-01 9.6149662383e-01 9.4706537110e-01 9.2924196383e-01 9.0817184125e-01 8.8403305310e-01 8.5703267977e-01 8.2741141806e-01 7.9544479019e-01 7.6147557761e-01 7.2572634246e-01 6.8771601760e-01 6.4775213014e-01 6.1673103021e-01
6.1393316363e-01 6.4502584008e-01 6.8494225902e-01 7.2282142134e-01 7.5844282762e-01 7.9230187329e-01 8.2416980473e-01 8.5370209409e-01 8.8062376083e-01 9.0469416818e-01 9.2570615655e-01 9.4348148822e-01 9.5787456471e-01 9.6876923683e-01 9.7607981026e-01 9.7974921273e-01 9.7974921273e-01 9.7607981026e-01 9.6876923683e-01 9.5787456471e-01 9.4348148822e-01 9.2570615655e-01 9.0469416818e-01 8.8062376083e-01 8.5370209409e-01 8.2416980473e-01 7.9230187329e-01 7.5844282762e-01 7.2282142134e-01 6.8494225902e-01 6.4502584008e-01 6.1393316363e-01
6.0837092898e-01 6.3960717349e-01 6.7942574535e-01 7.1704048492e-01 7.5240635107e-01 7.8604549015e-01 8.1771609595e-01 8.4707033489e-01 8.7383443314e-01 8.9776788810e-01 9.1866340238e-01 9.3634238125e-01 9.5065892568e-01 9.6149653089e-01 9.6876923683e-01 9.7241975655e-01 9.7241975655e-01 9.6876923683e-01 9.6149653089e-01 9.5065892568e-01 9.3634238125e-01 9.1866340238e-01 8.9776788810e-01 8.7383443314e-01 8.4707033489e-01 8.1771609595e-01 7.8604549015e-01 7.5240635107e-01 7.1704048492e-01 6.7942574535e-01 6.3960717349e-01 6.0837092898e-01
6.0011472659e-01 6.3156649983e-01 6.7123041137e-01 7.0844304196e-01 7.4342570998e-01 7.7673582787e-01 8.0811040839e-01 8.3719716176e-01 8.6372441606e-01 8.8745189014e-01 9.0817212472e-01 9.2570603193e-01 9.3990730271e-01 9.5065892568e-01 9.5787456471e-01 9.6149662383e-01 9.6149662383e-01 9.5787456471e-01 9.5065892568e-01 9.3990730271e-01 9.2570603193e-01 9.0817212472e-01 8.8745189014e-01 8.6372441606e-01 8.3719716176e-01 8.0811040839e-01 7.7673582787e-01 7.4342570998e-01 7.0844304196e-01 6.7123041137e-01 6.3156649983e-01 6.0011472659e-01
5.8926317333e-01 6.2100350235e-01 6.6044726537e-01 6.9711458089e-01 7.3158754168e-01 7.6446112394e-01 7.9544133936e-01 8.2417104545e-01 8.5038190192e-01 8.7383395123e-01 8.9431961392e-01 9.1165923191e-01 9.2570603193e-01 9.3634238125e-01 9.4348148822e-01 9.4706537110e-01 9.4706537110e-01 9.4348148822e-01 9.3634238125e-01 9.2570603193e-01 9.1165923191e-01 8.9431961392e-01 8.7383395123e-01 8.5038190192e-01 8.2417104545e-01 7.9544133936e-01 7.6446112394e-01 7.3158754168e-01 6.9711458089e-01 6.6044726537e-01 6.2100350235e-01 5.8926317333e-01
5.7595467202e-01 6.0805581556e-01 6.4720102324e-01 6.8317241269e-01 7.1701067785e-01 7.4934192125e-01 7.7982949378e-01 8.0811218090e-01 8.3392657074e-01 8.5703310344e-01 8.7722419733e-01 8.9431961392e-01 9.0817212472e-01 9.1866340238e-01 9.2570615655e-01 9.2924196383e-01 9.2924196383e-01 9.2570615655e-01 9.1866340238e-01 9.0817212472e-01 8.9431961392e-01 8.7722419733e-01 8.5703310344e-01 8.3392657074e-01 8.0811218090e-01 7.7982949378e-01 7.4934192125e-01 7.1701067785e-01 6.8317241269e-01 6.4720102324e-01 6.0805581556e-01 5.7595467202e-01
5.6034653140e-01 5.9288191805e-01 6.3163626257e-01 6.6675469001e-01 6.9983765671e-01 7.3152424798e-01 7.6142197231e-01 7.8916811907e-01 8.1450615317e-01 8.3719692779e-01 8.5703310344e-01 8.7383395123e-01 8.8745189014e-01 8.9776788810e-01 9.0469416818e-01 9.0817184125e-01 9.0817184125e-01 9.0469416818e-01 8.9776788810e-01 8.8745189014e-01 8.7383395123e-01 8.5703310344e-01 8.3719692779e-01 8.1450615317e-01 7.8916811907e-01 7.6142197231e-01 7.3152424798e-01 6.9983765671e-01 6.6675469001e-01 6.3163626257e-01 5.9288191805e-01 5.6034653140e-01
5.4264234576e-01 5.7568108184e-01 6.1393228036e-01 6.4803296536e-01 6.8024526245e-01 7.1118818596e-01 7.4039947085e-01 7.6751982423e-01 7.9230167160e-01 8.1450615317e-01 8.3392657074e-01 8.5038190192e-01 8.6372441606e-01 8.7383443314e-01 8.8062376083e-01 8.8403305310e-01 8.8403305310e-01 8.8062376083e-01 8.7383443314e-01 8.6372441606e-01 8.5038190192e-01 8.3392657074e-01 8.1450615317e-01 7.9230167160e-01 7.6751982423e-01 7.4039947085e-01 7.1118818596e-01 6.8024526245e-01 6.4803296536e-01 6.1393228036e-01 5.7568108184e-01 5.4264234576e-01
5.2303626091e-01 5.5665021274e-01 5.9427155447e-01 6.2718904320e-01 6.5842731804e-01 6.8853431644e-01 7.1696531303e-01 7.4337264865e-01 7.6751982423e-01 7.8916811907e-01 8.0811218090e-01 8.2417104545e-01 8.3719716176e-01 8.4707033489e-01 8.5370209409e-01 8.5703267977e-01 8.5703267977e-01 8.5370209409e-01 8.4707033489e-01 8.3719716176e-01 8.2417104545e-01 8.0811218090e-01 7.8916811907e-01 7.6751982423e-01 7.4337264865e-01 7.1696531303e-01 6.8853431644e-01 6.5842731804e-01 6.2718904320e-01 5.9427155447e-01 5.5665021274e-01 5.2303626091e-01
5.0180418667e-01 5.3605348974e-01 5.7289286089e-01 6.0445652487e-01 6.3462464242e-01 6.6380374957e-01 6.9135867389e-01 7.1696531303e-01 7.4039947085e-01 7.6142197231e-01 7.7982949378e-01 7.9544133936e-01 8.0811040839e-01 8.1771609595e-01 8.2416980473e-01 8.2741141806e-01 8.2741141806e-01 8.2416980473e-01 8.1771609595e-01 8.0811040839e-01 7.9544133936e-01 7.7982949378e-01 7.6142197231e-01 7.4039947085e-01 7.1696531303e-01 6.9135867389e-01 6.6380374957e-01 6.3462464242e-01 6.0445652487e-01 5.7289286089e-01 5.3605348974e-01 5.0180418667e-01
4.7923963596e-01 5.1414522738e-01 5.4999892885e-01 5.8002599605e-01 6.0904088305e-01 6.3721014909e-01 6.6380374957e-01 6.8853431644e-01 7.1118818596e-01 7.3152424798e-01 7.4934192125e-01 7.6446112394e-01 7.7673582787e-01 7.8604549015e-01 7.9230187329e-01 7.9544479019e-01 7.9544479019e-01 7.9230187329e-01 7.8604549015e-01 7.7673582787e-01 7.6446112394e-01 7.4934192125e-01 7.3152424798e-01 7.1118818596e-01 6.8853431644e-01 6.6380374957e-01 6.3721014909e-01 6.0904088305e-01 5.8002599605e-01 5.4999892885e-01 5.1414522738e-01 4.7923963596e-01
4.5519318803e-01 4.9088505805e-01 5.2564795788e-01 5.5404843211e-01 5.8190933080e-01 6.0904088305e-01 6.3462464242e-01 6.5842731804e-01 6.8024526245e-01 6.9983765671e-01 7.1701067785e-01 7.3158754168e-01 7.4342570998e-01 7.5240635107e-01 7.5844282762e-01 7.6147557761e-01 7.6147557761e-01 7.5844282762e-01 7.5240635107e-01 7.4342570998e-01 7.3158754168e-01 7.1701067785e-01 6.9983765671e-01 6.8024526245e-01 6.5842731804e-01 6.3462464242e-01 6.0904088305e-01 5.8190933080e-01 5.5404843211e-01 5.2564795788e-01 4.9088505805e-01 4.5519318803e-01
4.3051001409e-01 4.6708531368e-01 5.0067404721e-01 5.2738215839e-01 5.5404843211e-01 5.8002599605e-01 6.0445652487e-01 6.2718904320e-01 6.4803296536e-01 6.6675469001e-01 6.8317241269e-01 6.9711458089e-01 7.0844304196e-01 7.1704048492e-01 7.2282142134e-01 7.2572634246e-01 7.2572634246e-01 7.2282142134e-01 7.1704048492e-01 7.0844304196e-01 6.9711458089e-01 6.8317241269e-01 6.6675469001e-01 6.4803296536e-01 6.2718904320e-01 6.0445652487e-01 5.8002599605e-01 5.5404843211e-01 5.2738215839e-01 5.0067404721e-01 4.6708531368e-01 4.3051001409e-01
4.0858088307e-01 4.4504603544e-01 4.7636323576e-01 5.0067404721e-01 5.2564795788e-01 5.4999892885e-01 5.7289286089e-01 5.9427155447e-01 6.1393228036e-01 6.3163626257e-01 6.4720102324e-01 6.6044726537e-01 6.7123041137e-01 6.7942574535e-01 6.8494225902e-01 6.8771601760e-01 6.8771601760e-01 6.8494225902e-01 6.7942574535e-01 6.7123041137e-01 6.6044726537e-01 6.4720102324e-01 6.3163626257e-01 6.1393228036e-01 5.9427155447e-01 5.7289286089e-01 5.4999892885e-01 5.2564795788e-01 5.0067404721e-01 4.7636323576e-01 4.4504603544e-01 4.0858088307e-01
3.7857546321e-01 4.1587693766e-01 4.4504603544e-01 4.6708531368e-01 4.9088505805e-01 5.1414522738e-01 5.3605348974e-01 5.5665021274e-01 5.7568108184e-01 5.9288191805e-01 6.0805581556e-01 6.2100350235e-01 6.3156649983e-01 6.3960717349e-01 6.4502584008e-01 6.4775213014e-01 6.4775213014e-01 6.4502584008e-01 6.3960717349e-01 6.3156649983e-01 6.2100350235e-01 6.0805581556e-01 5.9288191805e-01 5.7568108184e-01 5.5665021274e-01 5.3605348974e-01 5.1414522738e-01 4.9088505805e-01 4.6708531368e-01 4.4504603544e-01 4.1587693766e-01 3.7857546321e-01
3.3686914976e-01 3.7857546321e-01 4.0858088307e-01 4.3051001409e-01 4.5519318803e-01 4.7923963596e-01 5.0180418667e-01 5.2303626091e-01 5.4264234576e-01 5.6034653140e-01 5.7595467202e-01 5.8926317333e-01 6.0011472659e-01 6.0837092898e-01 6.1393316363e-01 6.1673103021e-01 6.1673103021e-01 6.1393316363e-01 6.0837092898e-01 6.0011472659e-01 5.8926317333e-01 5.7595467202e-01 5.6034653140e-01 5.4264234576e-01 5.2303626091e-01 5.0180418667e-01 4.7923963596e-01 4.5519318803e-01 4.3051001409e-01 4.0858088307e-01 3.7857546321e-01 3.3686914976e-01
