3.3402170350e-01 3.5071330113e-01 3.7414944717e-01 3.9452753743e-01 4.0900304821e-01 4.2007026610e-01 4.3092446022e-01 4.4285618432e-01 4.5546517910e-01 4.6797727518e-01 4.8003051180e-01 4.9164663379e-01 5.0292740798e-01 5.1389534574e-01 5.2450796058e-01 5.3471444685e-01 5.4447909804e-01 5.5377620666e-01 5.6258153879e-01 5.7087010188e-01 5.7861746549e-01 5.8580088639e-01 5.9239949643e-01 5.9839416981e-01 6.0376749600e-01 6.0850384467e-01 6.1258943923e-01 6.1601240095e-01 6.1876278166e-01 6.2083258905e-01 6.2221580988e-01 6.2290842608e-01 6.2290842608e-01 6.2221580988e-01 6.2083258905e-01 6.1876278166e-01 6.1601240095e-01 6.1258943923e-01 6.0850384467e-01 6.0376749600e-01 5.9839416981e-01 5.9239949643e-01 5.8580088639e-01 5.7861746549e-01 5.7087010188e-01 5.6258153879e-01 5.5377620666e-01 5.4447909804e-01 5.3471444685e-01 5.2450796058e-01 5.1389534574e-01 5.0292740798e-01 4.9164663379e-01 4.8003051180e-01 4.6797727518e-01 4.5546517910e-01 4.4285618432e-01 4.3092446022e-01 4.2007026610e-01 4.0900304821e-01 3.9452753743e-01 3.7414944717e-01 3.5071330113e-01 3.3402170350e-01
3.5071330113e-01 3.6639270824e-01 3.8854879343e-01 4.0804932833e-01 4.2215100267e-01 4.3307432174e-01 4.4374823062e-01 4.5538603077e-01 4.6764812390e-01 4.7983295244e-01 4.9160158797e-01 5.0296383473e-01 5.1400698495e-01 5.2474942505e-01 5.3515069527e-01 5.4516183606e-01 5.5474702664e-01 5.6387955520e-01 5.7253430283e-01 5.8068567374e-01 5.8830872992e-01 5.9538021053e-01 6.0187873114e-01 6.0778468593e-01 6.1308023373e-01 6.1774936248e-01 6.2177796086e-01 6.2515386292e-01 6.2786688146e-01 6.2990883347e-01 6.3127356310e-01 6.3195695740e-01 6.3195695740e-01 6.3127356310e-01 6.2990883347e-01 6.2786688146e-01 6.2515386292e-01 6.2177796086e-01 6.1774936248e-01 6.1308023373e-01 6.0778468593e-01 6.0187873114e-01 5.9538021053e-01 5.8830872992e-01 5.8068567374e-01 5.7253430283e-01 5.6387955520e-01 5.5474702664e-01 5.4516183606e-01 5.3515069527e-01 5.2474942505e-01 5.1400698495e-01 5.0296383473e-01 4.9160158797e-01 4.7983295244e-01 4.6764812390e-01 4.5538603077e-01 4.4374823062e-01 4.3307432174e-01 4.2215100267e-01 4.0804932833e-01 3.8854879343e-01 3.6639270824e-01 3.5071330113e-01
3.7414944717e-01 3.8854879343e-01 4.0915002417e-01 4.2770487431e-01 4.4156234734e-01 4.5252855269e-01 4.6315142017e-01 4.7454598555e-01 4.8647240344e-01 4.9833945510e-01 5.0984120603e-01 5.2096823792e-01 5.3178615928e-01 5.4230817924e-01 5.5249813836e-01 5.6231094217e-01 5.7171149740e-01 5.8067239612e-01 5.8916797760e-01 5.9717249823e-01 6.0466096291e-01 6.1160997337e-01 6.1799794435e-01 6.2380506165e-01 6.2901329042e-01 6.3360644052e-01 6.3757023734e-01 6.4089236942e-01 6.4356252501e-01 6.4557241984e-01 6.4691582113e-01 6.4758856426e-01 6.4758856426e-01 6.4691582113e-01 6.4557241984e-01 6.4356252501e-01 6.4089236942e-01 6.3757023734e-01 6.3360644052e-01 6.2901329042e-01 6.2380506165e-01 6.1799794435e-01 6.1160997337e-01 6.0466096291e-01 5.9717249823e-01 5.8916797760e-01 5.8067239612e-01 5.7171149740e-01 5.6231094217e-01 5.5249813836e-01 5.4230817924e-01 5.3178615928e-01 5.2096823792e-01 5.0984120603e-01 4.9833945510e-01 4.8647240344e-01 4.7454598555e-01 4.6315142017e-01 4.5252855269e-01 4.4156234734e-01 4.2770487431e-01 4.0915002417e-01 3.8854879343e-01 3.7414944717e-01
3.9452753743e-01 4.0804932833e-01 4.2770487431e-01 4.4592146126e-01 4.6004561157e-01 4.7147182162e-01 4.8240380918e-01 4.9388763694e-01 5.0579431907e-01 5.1764243884e-01 5.2915563377e-01 5.4030336126e-01 5.5112973028e-01 5.6164409320e-01 5.7181612916e-01 5.8160596912e-01 5.9098042483e-01 5.9991249384e-01 6.0837705599e-01 6.1634927451e-01 6.2380509525e-01 6.3072190561e-01 6.3707876224e-01 6.4285640486e-01 6.4803728701e-01 6.5260564249e-01 6.5654755579e-01 6.5985101393e-01 6.6250594764e-01 6.6450426291e-01 6.6583986744e-01 6.6650868920e-01 6.6650868920e-01 6.6583986744e-01 6.6450426291e-01 6.6250594764e-01 6.5985101393e-01 6.5654755579e-01 6.5260564249e-01 6.4803728701e-01 6.4285640486e-01 6.3707876224e-01 6.3072190561e-01 6.2380509525e-01 6.1634927451e-01 6.0837705599e-01 5.9991249384e-01 5.9098042483e-01 5.8160596912e-01 5.7181612916e-01 5.6164409320e-01 5.5112973028e-01 5.4030336126e-01 5.2915563377e-01 5.1764243884e-01 5.0579431907e-01 4.9388763694e-01 4.8240380918e-01 4.7147182162e-01 4.6004561157e-01 4.4592146126e-01 4.2770487431e-01 4.0804932833e-01 3.9452753743e-01
4.0900304821e-01 4.2215100267e-01 4.4156234734e-01 4.6004561157e-01 4.7486224093e-01 4.8706559324e-01 4.9860399931e-01 5.1049063781e-01 5.2269757932e-01 5.3483375808e-01 5.4664407957e-01 5.5807831771e-01 5.6916220827e-01 5.7990233618e-01 5.9027397555e-01 6.0024234107e-01 6.0977650806e-01 6.1885047055e-01 6.2744023350e-01 6.3552240823e-01 6.4307441556e-01 6.5007496605e-01 6.5650428388e-01 6.6234415999e-01 6.6757799658e-01 6.7219087017e-01 6.7616959814e-01 6.7950279140e-01 6.8218089738e-01 6.8419623363e-01 6.8554301524e-01 6.8621737455e-01 6.8621737455e-01 6.8554301524e-01 6.8419623363e-01 6.8218089738e-01 6.7950279140e-01 6.7616959814e-01 6.7219087017e-01 6.6757799658e-01 6.6234415999e-01 6.5650428388e-01 6.5007496605e-01 6.4307441556e-01 6.3552240823e-01 6.2744023350e-01 6.1885047055e-01 6.0977650806e-01 6.0024234107e-01 5.9027397555e-01 5.7990233618e-01 5.6916220827e-01 5.5807831771e-01 5.4664407957e-01 5.3483375808e-01 5.2269757932e-01 5.1049063781e-01 4.9860399931e-01 4.8706559324e-01 4.7486224093e-01 4.6004561157e-01 4.4156234734e-01 4.2215100267e-01 4.0900304821e-01
4.2007026610e-01 4.3307432174e-01 4.5252855269e-01 4.7147182162e-01 4.8706559324e-01 5.0009314898e-01 5.1231129830e-01 5.2471430175e-01 5.3735526866e-01 5.4991301477e-01 5.6214765642e-01 5.7399218910e-01 5.8545671644e-01 5.9654464523e-01 6.0723496731e-01 6.1749650900e-01 6.2729989539e-01 6.3661973086e-01 6.4543277712e-01 6.5371672238e-01 6.6145015585e-01 6.6861289199e-01 6.7518617225e-01 6.8115273517e-01 6.8649686265e-01 6.9120443268e-01 6.9526297560e-01 6.9866172096e-01 7.0139163681e-01 7.0344546045e-01 7.0481772362e-01 7.0550477062e-01 7.0550477062e-01 7.0481772362e-01 7.0344546045e-01 7.0139163681e-01 6.9866172096e-01 6.9526297560e-01 6.9120443268e-01 6.8649686265e-01 6.8115273517e-01 6.7518617225e-01 6.6861289199e-01 6.6145015585e-01 6.5371672238e-01 6.4543277712e-01 6.3661973086e-01 6.2729989539e-01 6.1749650900e-01 6.0723496731e-01 5.9654464523e-01 5.8545671644e-01 5.7399218910e-01 5.6214765642e-01 5.4991301477e-01 5.3735526866e-01 5.2471430175e-01 5.1231129830e-01 5.0009314898e-01 4.8706559324e-01 4.7147182162e-01 4.5252855269e-01 4.3307432174e-01 4.2007026610e-01
4.3092446022e-01 4.4374823062e-01 4.6315142017e-01 4.8240380918e-01 4.9860399931e-01 5.1231129830e-01 5.2511402600e-01 5.3797974570e-01 5.5102146681e-01 5.6397390835e-01 5.7661079519e-01 5.8885199348e-01 6.0069381687e-01 6.1213521519e-01 6.2315652460e-01 6.3372834714e-01 6.4382173425e-01 6.5341104624e-01 6.6247294707e-01 6.7098535202e-01 6.7892724988e-01 6.8627889870e-01 6.9302199214e-01 6.9913972913e-01 7.0461685259e-01 7.0943968711e-01 7.1359618005e-01 7.1707593702e-01 7.1987025229e-01 7.2197213258e-01 7.2337631649e-01 7.2407928848e-01 7.2407928848e-01 7.2337631649e-01 7.2197213258e-01 7.1987025229e-01 7.1707593702e-01 7.1359618005e-01 7.0943968711e-01 7.0461685259e-01 6.9913972913e-01 6.9302199214e-01 6.8627889870e-01 6.7892724988e-01 6.7098535202e-01 6.6247294707e-01 6.5341104624e-01 6.4382173425e-01 6.3372834714e-01 6.2315652460e-01 6.1213521519e-01 6.0069381687e-01 5.8885199348e-01 5.7661079519e-01 5.6397390835e-01 5.5102146681e-01 5.3797974570e-01 5.2511402600e-01 5.1231129830e-01 4.9860399931e-01 4.8240380918e-01 4.6315142017e-01 4.4374823062e-01 4.3092446022e-01
4.4285618432e-01 4.5538603077e-01 4.7454598555e-01 4.9388763694e-01 5.1049063781e-01 5.2471430175e-01 5.3797974570e-01 5.5121316029e-01 5.6457094762e-01 5.7783634229e-01 5.9079839013e-01 6.0336800097e-01 6.1552946657e-01 6.2727637275e-01 6.3858869030e-01 6.4943754140e-01 6.5979366738e-01 6.6963059262e-01 6.7892423194e-01 6.8765203582e-01 6.9579273334e-01 7.0332643095e-01 7.1023474073e-01 7.1650084158e-01 7.2210950847e-01 7.2704713546e-01 7.3130176163e-01 7.3486309372e-01 7.3772252612e-01 7.3987315602e-01 7.4130979592e-01 7.4202898244e-01 7.4202898244e-01 7.4130979592e-01 7.3987315602e-01 7.3772252612e-01 7.3486309372e-01 7.3130176163e-01 7.2704713546e-01 7.2210950847e-01 7.1650084158e-01 7.1023474073e-01 7.0332643095e-01 6.9579273334e-01 6.8765203582e-01 6.7892423194e-01 6.6963059262e-01 6.5979366738e-01 6.4943754140e-01 6.3858869030e-01 6.2727637275e-01 6.1552946657e-01 6.0336800097e-01 5.9079839013e-01 5.7783634229e-01 5.6457094762e-01 5.5121316029e-01 5.3797974570e-01 5.2471430175e-01 5.1049063781e-01 4.9388763694e-01 4.7454598555e-01 4.5538603077e-01 4.4285618432e-01
4.5546517910e-01 4.6764812390e-01 4.8647240344e-01 5.0579431907e-01 5.2269757932e-01 5.3735526866e-01 5.5102146681e-01 5.6457094762e-01 5.7819282964e-01 5.9171504526e-01 6.0494462813e-01 6.1778769070e-01 6.3021863769e-01 6.4222570354e-01 6.5378782585e-01 6.6487624971e-01 6.7546133352e-01 6.8551573895e-01 6.9501449694e-01 7.0393436622e-01 7.1225355775e-01 7.1995176905e-01 7.2701028047e-01 7.3341200840e-01 7.3914152878e-01 7.4418509077e-01 7.4853063170e-01 7.5216778989e-01 7.5508791601e-01 7.5728408117e-01 7.5875108353e-01 7.5948545267e-01 7.5948545267e-01 7.5875108353e-01 7.5728408117e-01 7.5508791601e-01 7.5216778989e-01 7.4853063170e-01 7.4418509077e-01 7.3914152878e-01 7.3341200840e-01 7.2701028047e-01 7.1995176905e-01 7.1225355775e-01 7.0393436622e-01 6.9501449694e-01 6.8551573895e-01 6.7546133352e-01 6.6487624971e-01 6.5378782585e-01 6.4222570354e-01 6.3021863769e-01 6.1778769070e-01 6.0494462813e-01 5.9171504526e-01 5.7819282964e-01 5.6457094762e-01 5.5102146681e-01 5.3735526866e-01 5.2269757932e-01 5.0579431907e-01 4.8647240344e-01 4.6764812390e-01 4.5546517910e-01
4.6797727518e-01 4.7983295244e-01 4.9833945510e-01 5.1764243884e-01 5.3483375808e-01 5.4991301477e-01 5.6397390835e-01 5.7783634229e-01 5.9171504526e-01 6.0547929958e-01 6.1895580194e-01 6.3204924245e-01 6.4472631780e-01 6.5697050520e-01 6.6875968238e-01 6.8006531210e-01 6.9085768044e-01 7.0110892223e-01 7.1079341983e-01 7.1988737302e-01 7.2836854649e-01 7.3621626681e-01 7.4341149514e-01 7.4993687576e-01 7.5577675868e-01 7.6091721018e-01 7.6534602232e-01 7.6905272037e-01 7.7202856903e-01 7.7426657627e-01 7.7576149627e-01 7.7650983089e-01 7.7650983089e-01 7.7576149627e-01 7.7426657627e-01 7.7202856903e-01 7.6905272037e-01 7.6534602232e-01 7.6091721018e-01 7.5577675868e-01 7.4993687576e-01 7.4341149514e-01 7.3621626681e-01 7.2836854649e-01 7.1988737302e-01 7.1079341983e-01 7.0110892223e-01 6.9085768044e-01 6.8006531210e-01 6.6875968238e-01 6.5697050520e-01 6.4472631780e-01 6.3204924245e-01 6.1895580194e-01 6.0547929958e-01 5.9171504526e-01 5.7783634229e-01 5.6397390835e-01 5.4991301477e-01 5.3483375808e-01 5.1764243884e-01 4.9833945510e-01 4.7983295244e-01 4.6797727518e-01
4.8003051180e-01 4.9160158797e-01 5.0984120603e-01 5.2915563377e-01 5.4664407957e-01 5.6214765642e-01 5.7661079519e-01 5.9079839013e-01 6.0494462813e-01 6.1895580194e-01 6.3267831984e-01 6.4601767366e-01 6.5893463406e-01 6.7140854774e-01 6.8341629297e-01 6.9492965230e-01 7.0591912530e-01 7.1635666768e-01 7.2621631252e-01 7.3547392976e-01 7.4410701743e-01 7.5209467904e-01 7.5941767837e-01 7.6605848466e-01 7.7200129658e-01 7.7723205317e-01 7.8173844178e-01 7.8550990329e-01 7.8853763606e-01 7.9081459782e-01 7.9233550669e-01 7.9309684143e-01 7.9309684143e-01 7.9233550669e-01 7.9081459782e-01 7.8853763606e-01 7.8550990329e-01 7.8173844178e-01 7.7723205317e-01 7.7200129658e-01 7.6605848466e-01 7.5941767837e-01 7.5209467904e-01 7.4410701743e-01 7.3547392976e-01 7.2621631252e-01 7.1635666768e-01 7.0591912530e-01 6.9492965230e-01 6.8341629297e-01 6.7140854774e-01 6.5893463406e-01 6.4601767366e-01 6.3267831984e-01 6.1895580194e-01 6.0494462813e-01 5.9079839013e-01 5.7661079519e-01 5.6214765642e-01 5.4664407957e-01 5.2915563377e-01 5.0984120603e-01 4.9160158797e-01 4.8003051180e-01
4.9164663379e-01 5.0296383473e-01 5.2096823792e-01 5.4030336126e-01 5.5807831771e-01 5.7399218910e-01 5.8885199348e-01 6.0336800097e-01 6.1778769070e-01 6.3204924245e-01 6.4601767366e-01 6.5960058248e-01 6.7275412931e-01 6.8545397101e-01 6.9767590218e-01 7.0939193293e-01 7.2057285347e-01 7.3119061778e-01 7.4121909241e-01 7.5063397131e-01 7.5941261659e-01 7.6753402588e-01 7.7497887180e-01 7.8172954228e-01 7.8777016499e-01 7.9308661916e-01 7.9766654297e-01 8.0149933786e-01 8.0457617128e-01 8.0688997764e-01 8.0843545842e-01 8.0920908171e-01 8.0920908171e-01 8.0843545842e-01 8.0688997764e-01 8.0457617128e-01 8.0149933786e-01 7.9766654297e-01 7.9308661916e-01 7.8777016499e-01 7.8172954228e-01 7.7497887180e-01 7.6753402588e-01 7.5941261659e-01 7.5063397131e-01 7.4121909241e-01 7.3119061778e-01 7.2057285347e-01 7.0939193293e-01 6.9767590218e-01 6.8545397101e-01 6.7275412931e-01 6.5960058248e-01 6.4601767366e-01 6.3204924245e-01 6.1778769070e-01 6.0336800097e-01 5.8885199348e-01 5.7399218910e-01 5.5807831771e-01 5.4030336126e-01 5.2096823792e-01 5.0296383473e-01 4.9164663379e-01
5.0292740798e-01 5.1400698495e-01 5.3178615928e-01 5.5112973028e-01 5.6916220827e-01 5.8545671644e-01 6.0069381687e-01 6.1552946657e-01 6.3021863769e-01 6.4472631780e-01 6.5893463406e-01 6.7275412931e-01 6.8613740311e-01 6.9905676680e-01 7.1148677453e-01 7.2339944877e-01 7.3476579102e-01 7.4555778207e-01 7.5574918260e-01 7.6531556715e-01 7.7423421240e-01 7.8248406039e-01 7.9004574402e-01 7.9690162032e-01 8.0303579307e-01 8.0843412412e-01 8.1308423976e-01 8.1697553384e-01 8.2009916932e-01 8.2244807822e-01 8.2401696096e-01 8.2480228527e-01 8.2480228527e-01 8.2401696096e-01 8.2244807822e-01 8.2009916932e-01 8.1697553384e-01 8.1308423976e-01 8.0843412412e-01 8.0303579307e-01 7.9690162032e-01 7.9004574402e-01 7.8248406039e-01 7.7423421240e-01 7.6531556715e-01 7.5574918260e-01 7.4555778207e-01 7.3476579102e-01 7.2339944877e-01 7.1148677453e-01 6.9905676680e-01 6.8613740311e-01 6.7275412931e-01 6.5893463406e-01 6.4472631780e-01 6.3021863769e-01 6.1552946657e-01 6.0069381687e-01 5.8545671644e-01 5.6916220827e-01 5.5112973028e-01 5.3178615928e-01 5.1400698495e-01 5.0292740798e-01
5.1389534574e-01 5.2474942505e-01 5.4230817924e-01 5.6164409320e-01 5.7990233618e-01 5.9654464523e-01 6.1213521519e-01 6.2727637275e-01 6.4222570354e-01 6.5697050520e-01 6.7140854774e-01 6.8545397101e-01 6.9905676680e-01 7.1218627889e-01 7.2481572454e-01 7.3691693569e-01 7.4846100957e-01 7.5941992769e-01 7.6976735281e-01 7.7947874970e-01 7.8853131681e-01 7.9690394995e-01 8.0457725587e-01 8.1153357745e-01 8.1775701265e-01 8.2323342382e-01 8.2795044231e-01 8.3189746972e-01 8.3506567786e-01 8.3744800739e-01 8.3903916607e-01 8.3983562695e-01 8.3983562695e-01 8.3903916607e-01 8.3744800739e-01 8.3506567786e-01 8.3189746972e-01 8.2795044231e-01 8.2323342382e-01 8.1775701265e-01 8.1153357745e-01 8.0457725587e-01 7.9690394995e-01 7.8853131681e-01 7.7947874970e-01 7.6976735281e-01 7.5941992769e-01 7.4846100957e-01 7.3691693569e-01 7.2481572454e-01 7.1218627889e-01 6.9905676680e-01 6.8545397101e-01 6.7140854774e-01 6.5697050520e-01 6.4222570354e-01 6.2727637275e-01 6.1213521519e-01 5.9654464523e-01 5.7990233618e-01 5.6164409320e-01 5.4230817924e-01 5.2474942505e-01 5.1389534574e-01
5.2450796058e-01 5.3515069527e-01 5.5249813836e-01 5.7181612916e-01 5.9027397555e-01 6.0723496731e-01 6.2315652460e-01 6.3858869030e-01 6.5378782585e-01 6.6875968238e-01 6.8341629297e-01 6.9767590218e-01 7.1148677453e-01 7.2481572454e-01 7.3763464295e-01 7.4991504477e-01 7.6162803941e-01 7.7274558990e-01 7.8324126847e-01 7.9309043713e-01 8.0227021785e-01 8.1075946079e-01 8.1853874887e-01 8.2559041524e-01 8.3189855769e-01 8.3744904533e-01 8.4222952084e-01 8.4622939958e-01 8.4943986765e-01 8.5185387894e-01 8.5346615224e-01 8.5427316839e-01 8.5427316839e-01 8.5346615224e-01 8.5185387894e-01 8.4943986765e-01 8.4622939958e-01 8.4222952084e-01 8.3744904533e-01 8.3189855769e-01 8.2559041524e-01 8.1853874887e-01 8.1075946079e-01 8.0227021785e-01 7.9309043713e-01 7.8324126847e-01 7.7274558990e-01 7.6162803941e-01 7.4991504477e-01 7.3763464295e-01 7.2481572454e-01 7.1148677453e-01 6.9767590218e-01 6.8341629297e-01 6.6875968238e-01 6.5378782585e-01 6.3858869030e-01 6.2315652460e-01 6.0723496731e-01 5.9027397555e-01 5.7181612916e-01 5.5249813836e-01 5.3515069527e-01 5.2450796058e-01
5.3471444685e-01 5.4516183606e-01 5.6231094217e-01 5.8160596912e-01 6.0024234107e-01 6.1749650900e-01 6.3372834714e-01 6.4943754140e-01 6.6487624971e-01 6.8006531210e-01 6.9492965230e-01 7.0939193293e-01 7.2339944877e-01 7.3691693569e-01 7.4991504477e-01 7.6236491556e-01 7.7423762351e-01 7.8550511204e-01 7.9614088225e-01 8.0612021110e-01 8.1542015472e-01 8.2401952370e-01 8.3189888195e-01 8.3904055748e-01 8.4542865235e-01 8.5104904649e-01 8.5588939752e-01 8.5993913779e-01 8.6318947047e-01 8.6563336499e-01 8.6726555287e-01 8.6808252399e-01 8.6808252399e-01 8.6726555287e-01 8.6563336499e-01 8.6318947047e-01 8.5993913779e-01 8.5588939752e-01 8.5104904649e-01 8.4542865235e-01 8.3904055748e-01 8.3189888195e-01 8.2401952370e-01 8.1542015472e-01 8.0612021110e-01 7.9614088225e-01 7.8550511204e-01 7.7423762351e-01 7.6236491556e-01 7.4991504477e-01 7.3691693569e-01 7.2339944877e-01 7.0939193293e-01 6.9492965230e-01 6.8006531210e-01 6.6487624971e-01 6.4943754140e-01 6.3372834714e-01 6.1749650900e-01 6.0024234107e-01 5.8160596912e-01 5.6231094217e-01 5.4516183606e-01 5.3471444685e-01
5.4447909804e-01 5.5474702664e-01 5.7171149740e-01 5.9098042483e-01 6.0977650806e-01 6.2729989539e-01 6.4382173425e-01 6.5979366738e-01 6.7546133352e-01 6.9085768044e-01 7.0591912530e-01 7.2057285347e-01 7.3476579102e-01 7.4846100957e-01 7.6162803941e-01 7.7423762351e-01 7.8626077669e-01 7.9766942842e-01 8.0843703223e-01 8.1853880343e-01 8.2795174913e-01 8.3665465194e-01 8.4462806556e-01 8.5185432012e-01 8.5831752800e-01 8.6400358492e-01 8.6890016747e-01 8.7299672818e-01 8.7628448977e-01 8.7875643913e-01 8.8040732192e-01 8.8123363793e-01 8.8123363793e-01 8.8040732192e-01 8.7875643913e-01 8.7628448977e-01 8.7299672818e-01 8.6890016747e-01 8.6400358492e-01 8.5831752800e-01 8.5185432012e-01 8.4462806556e-01 8.3665465194e-01 8.2795174913e-01 8.1853880343e-01 8.0843703223e-01 7.9766942842e-01 7.8626077669e-01 7.7423762351e-01 7.6162803941e-01 7.4846100957e-01 7.3476579102e-01 7.2057285347e-01 7.0591912530e-01 6.9085768044e-01 6.7546133352e-01 6.5979366738e-01 6.4382173425e-01 6.2729989539e-01 6.0977650806e-01 5.9098042483e-01 5.7171149740e-01 5.5474702664e-01 5.4447909804e-01
5.5377620666e-01 5.6387955520e-01 5.8067239612e-01 5.9991249384e-01 6.1885047055e-01 6.3661973086e-01 6.5341104624e-01 6.6963059262e-01 6.8551573895e-01 7.0110892223e-01 7.1635666768e-01 7.3119061778e-01 7.4555778207e-01 7.5941992769e-01 7.7274558990e-01 7.8550511204e-01 7.9766942842e-01 8.0921045766e-01 8.2010162536e-01 8.3031810678e-01 8.3983687716e-01 8.4863670388e-01 8.5669814024e-01 8.6400352653e-01 8.7053699211e-01 8.7628445388e-01 8.8123361168e-01 8.8537394153e-01 8.8869668826e-01 8.9119485811e-01 8.9286321219e-01 8.9369826110e-01 8.9369826110e-01 8.9286321219e-01 8.9119485811e-01 8.8869668826e-01 8.8537394153e-01 8.8123361168e-01 8.7628445388e-01 8.7053699211e-01 8.6400352653e-01 8.5669814024e-01 8.4863670388e-01 8.3983687716e-01 8.3031810678e-01 8.2010162536e-01 8.0921045766e-01 7.9766942842e-01 7.8550511204e-01 7.7274558990e-01 7.5941992769e-01 7.4555778207e-01 7.3119061778e-01 7.1635666768e-01 7.0110892223e-01 6.8551573895e-01 6.6963059262e-01 6.5341104624e-01 6.3661973086e-01 6.1885047055e-01 5.9991249384e-01 5.8067239612e-01 5.6387955520e-01 5.5377620666e-01
5.6258153879e-01 5.7253430283e-01 5.8916797760e-01 6.0837705599e-01 6.2744023350e-01 6.4543277712e-01 6.6247294707e-01 6.7892423194e-01 6.9501449694e-01 7.1079341983e-01 7.2621631252e-01 7.4121909241e-01 7.5574918260e-01 7.6976735281e-01 7.8324126847e-01 7.9614088225e-01 8.0843703223e-01 8.2010162536e-01 8.3110807261e-01 8.4143152609e-01 8.5104894358e-01 8.5993908813e-01 8.6808252121e-01 8.7546160029e-01 8.8206047748e-01 8.8786509556e-01 8.9286318133e-01 8.9704423719e-01 9.0039953226e-01 9.0292209370e-01 9.0460669925e-01 9.0544987095e-01 9.0544987095e-01 9.0460669925e-01 9.0292209370e-01 9.0039953226e-01 8.9704423719e-01 8.9286318133e-01 8.8786509556e-01 8.8206047748e-01 8.7546160029e-01 8.6808252121e-01 8.5993908813e-01 8.5104894358e-01 8.4143152609e-01 8.3110807261e-01 8.2010162536e-01 8.0843703223e-01 7.9614088225e-01 7.8324126847e-01 7.6976735281e-01 7.5574918260e-01 7.4121909241e-01 7.2621631252e-01 7.1079341983e-01 6.9501449694e-01 6.7892423194e-01 6.6247294707e-01 6.4543277712e-01 6.2744023350e-01 6.0837705599e-01 5.8916797760e-01 5.7253430283e-01 5.6258153879e-01
5.7087010188e-01 5.8068567374e-01 5.9717249823e-01 6.1634927451e-01 6.3552240823e-01 6.5371672238e-01 6.7098535202e-01 6.8765203582e-01 7.0393436622e-01 7.1988737302e-01 7.3547392976e-01 7.5063397131e-01 7.6531556715e-01 7.7947874970e-01 7.9309043713e-01 8.0612021110e-01 8.1853880343e-01 8.3031810678e-01 8.4143152609e-01 8.5185420284e-01 8.6156308848e-01 8.7053695033e-01 8.7875636466e-01 8.8620371137e-01 8.9286316964e-01 8.9872071154e-01 9.0376409353e-01 9.0798284642e-01 9.1136826511e-01 9.1391339880e-01 9.1561304252e-01 9.1646373027e-01 9.1646373027e-01 9.1561304252e-01 9.1391339880e-01 9.1136826511e-01 9.0798284642e-01 9.0376409353e-01 8.9872071154e-01 8.9286316964e-01 8.8620371137e-01 8.7875636466e-01 8.7053695033e-01 8.6156308848e-01 8.5185420284e-01 8.4143152609e-01 8.3031810678e-01 8.1853880343e-01 8.0612021110e-01 7.9309043713e-01 7.7947874970e-01 7.6531556715e-01 7.5063397131e-01 7.3547392976e-01 7.1988737302e-01 7.0393436622e-01 6.8765203582e-01 6.7098535202e-01 6.5371672238e-01 6.3552240823e-01 6.1634927451e-01 5.9717249823e-01 5.8068567374e-01 5.7087010188e-01
5.7861746549e-01 5.8830872992e-01 6.0466096291e-01 6.2380509525e-01 6.4307441556e-01 6.6145015585e-01 6.7892724988e-01 6.9579273334e-01 7.1225355775e-01 7.2836854649e-01 7.4410701743e-01 7.5941261659e-01 7.7423421240e-01 7.8853131681e-01 8.0227021785e-01 8.1542015472e-01 8.2795174913e-01 8.3983687716e-01 8.5104894358e-01 8.6156308848e-01 8.7135626557e-01 8.8040725302e-01 8.8869664672e-01 8.9620685265e-01 9.0292207989e-01 9.0882833195e-01 9.1391339651e-01 9.1816683390e-01 9.2157996555e-01 9.2414586317e-01 9.2585933940e-01 9.2671694033e-01 9.2671694033e-01 9.2585933940e-01 9.2414586317e-01 9.2157996555e-01 9.1816683390e-01 9.1391339651e-01 9.0882833195e-01 9.0292207989e-01 8.9620685265e-01 8.8869664672e-01 8.8040725302e-01 8.7135626557e-01 8.6156308848e-01 8.5104894358e-01 8.3983687716e-01 8.2795174913e-01 8.1542015472e-01 8.0227021785e-01 7.8853131681e-01 7.7423421240e-01 7.5941261659e-01 7.4410701743e-01 7.2836854649e-01 7.1225355775e-01 6.9579273334e-01 6.7892724988e-01 6.6145015585e-01 6.4307441556e-01 6.2380509525e-01 6.0466096291e-01 5.8830872992e-01 5.7861746549e-01
5.8580088639e-01 5.9538021053e-01 6.1160997337e-01 6.3072190561e-01 6.5007496605e-01 6.6861289199e-01 6.8627889870e-01 7.0332643095e-01 7.1995176905e-01 7.3621626681e-01 7.5209467904e-01 7.6753402588e-01 7.8248406039e-01 7.9690394995e-01 8.1075946079e-01 8.2401952370e-01 8.3665465194e-01 8.4863670388e-01 8.5993908813e-01 8.7053695033e-01 8.8040725302e-01 8.8952879011e-01 8.9788218047e-01 9.0544985850e-01 9.1221606471e-01 9.1816683509e-01 9.2328998911e-01 9.2757511686e-01 9.3101356636e-01 9.3359843174e-01 9.3532454313e-01 9.3618845860e-01 9.3618845860e-01 9.3532454313e-01 9.3359843174e-01 9.3101356636e-01 9.2757511686e-01 9.2328998911e-01 9.1816683509e-01 9.1221606471e-01 9.0544985850e-01 8.9788218047e-01 8.8952879011e-01 8.8040725302e-01 8.7053695033e-01 8.5993908813e-01 8.4863670388e-01 8.3665465194e-01 8.2401952370e-01 8.1075946079e-01 7.9690394995e-01 7.8248406039e-01 7.6753402588e-01 7.5209467904e-01 7.3621626681e-01 7.1995176905e-01 7.0332643095e-01 6.8627889870e-01 6.6861289199e-01 6.5007496605e-01 6.3072190561e-01 6.1160997337e-01 5.9538021053e-01 5.8580088639e-01
5.9239949643e-01 6.0187873114e-01 6.1799794435e-01 6.3707876224e-01 6.5650428388e-01 6.7518617225e-01 6.9302199214e-01 7.1023474073e-01 7.2701028047e-01 7.4341149514e-01 7.5941767837e-01 7.7497887180e-01 7.9004574402e-01 8.0457725587e-01 8.1853874887e-01 8.3189888195e-01 8.4462806556e-01 8.5669814024e-01 8.6808252121e-01 8.7875636466e-01 8.8869664672e-01 8.9788218047e-01 9.0629360991e-01 9.1391339900e-01 9.2072582017e-01 9.2671694190e-01 9.3187461518e-01 9.3618845939e-01 9.3964984854e-01 9.4225189864e-01 9.4398945679e-01 9.4485909269e-01 9.4485909269e-01 9.4398945679e-01 9.4225189864e-01 9.3964984854e-01 9.3618845939e-01 9.3187461518e-01 9.2671694190e-01 9.2072582017e-01 9.1391339900e-01 9.0629360991e-01 8.9788218047e-01 8.8869664672e-01 8.7875636466e-01 8.6808252121e-01 8.5669814024e-01 8.4462806556e-01 8.3189888195e-01 8.1853874887e-01 8.0457725587e-01 7.9004574402e-01 7.7497887180e-01 7.5941767837e-01 7.4341149514e-01 7.2701028047e-01 7.1023474073e-01 6.9302199214e-01 6.7518617225e-01 6.5650428388e-01 6.3707876224e-01 6.1799794435e-01 6.0187873114e-01 5.9239949643e-01
5.9839416981e-01 6.0778468593e-01 6.2380506165e-01 6.4285640486e-01 6.6234415999e-01 6.8115273517e-01 6.9913972913e-01 7.1650084158e-01 7.3341200840e-01 7.4993687576e-01 7.6605848466e-01 7.8172954228e-01 7.9690162032e-01 8.1153357745e-01 8.2559041524e-01 8.3904055748e-01 8.5185432012e-01 8.6400352653e-01 8.7546160029e-01 8.8620371137e-01 8.9620685265e-01 9.0544985850e-01 9.1391339900e-01 9.2157996774e-01 9.2843386866e-01 9.3446120187e-01 9.3964984883e-01 9.4398945710e-01 9.4747142557e-01 9.5008889110e-01 9.5183671698e-01 9.5271148395e-01 9.5271148395e-01 9.5183671698e-01 9.5008889110e-01 9.4747142557e-01 9.4398945710e-01 9.3964984883e-01 9.3446120187e-01 9.2843386866e-01 9.2157996774e-01 9.1391339900e-01 9.0544985850e-01 8.9620685265e-01 8.8620371137e-01 8.7546160029e-01 8.6400352653e-01 8.5185432012e-01 8.3904055748e-01 8.2559041524e-01 8.1153357745e-01 7.9690162032e-01 7.8172954228e-01 7.6605848466e-01 7.4993687576e-01 7.3341200840e-01 7.1650084158e-01 6.9913972913e-01 6.8115273517e-01 6.6234415999e-01 6.4285640486e-01 6.2380506165e-01 6.0778468593e-01 5.9839416981e-01
6.0376749600e-01 6.1308023373e-01 6.2901329042e-01 6.4803728701e-01 6.6757799658e-01 6.8649686265e-01 7.0461685259e-01 7.2210950847e-01 7.3914152878e-01 7.5577675868e-01 7.7200129658e-01 7.8777016499e-01 8.0303579307e-01 8.1775701265e-01 8.3189855769e-01 8.4542865235e-01 8.5831752800e-01 8.7053699211e-01 8.8206047748e-01 8.9286316964e-01 9.0292207989e-01 9.1221606471e-01 9.2072582017e-01 9.2843386866e-01 9.3532454424e-01 9.4138397711e-01 9.4660007747e-01 9.5096251934e-01 9.5446272492e-01 9.5709385053e-01 9.5885077454e-01 9.5973008797e-01 9.5973008797e-01 9.5885077454e-01 9.5709385053e-01 9.5446272492e-01 9.5096251934e-01 9.4660007747e-01 9.4138397711e-01 9.3532454424e-01 9.2843386866e-01 9.2072582017e-01 9.1221606471e-01 9.0292207989e-01 8.9286316964e-01 8.8206047748e-01 8.7053699211e-01 8.5831752800e-01 8.4542865235e-01 8.3189855769e-01 8.1775701265e-01 8.0303579307e-01 7.8777016499e-01 7.7200129658e-01 7.5577675868e-01 7.3914152878e-01 7.2210950847e-01 7.0461685259e-01 6.8649686265e-01 6.6757799658e-01 6.4803728701e-01 6.2901329042e-01 6.1308023373e-01 6.0376749600e-01
6.0850384467e-01 6.1774936248e-01 6.3360644052e-01 6.5260564249e-01 6.7219087017e-01 6.9120443268e-01 7.0943968711e-01 7.2704713546e-01 7.4418509077e-01 7.6091721018e-01 7.7723205317e-01 7.9308661916e-01 8.0843412412e-01 8.2323342382e-01 8.3744904533e-01 8.5104904649e-01 8.6400358492e-01 8.7628445388e-01 8.8786509556e-01 8.9872071154e-01 9.0882833195e-01 9.1816683509e-01 9.2671694190e-01 9.3446120187e-01 9.4138397711e-01 9.4747142558e-01 9.5271148396e-01 9.5709385050e-01 9.6060996869e-01 9.6325301261e-01 9.6501787435e-01 9.6590115427e-01 9.6590115427e-01 9.6501787435e-01 9.6325301261e-01 9.6060996869e-01 9.5709385050e-01 9.5271148396e-01 9.4747142558e-01 9.4138397711e-01 9.3446120187e-01 9.2671694190e-01 9.1816683509e-01 9.0882833195e-01 8.9872071154e-01 8.8786509556e-01 8.7628445388e-01 8.6400358492e-01 8.5104904649e-01 8.3744904533e-01 8.2323342382e-01 8.0843412412e-01 7.9308661916e-01 7.7723205317e-01 7.6091721018e-01 7.4418509077e-01 7.2704713546e-01 7.0943968711e-01 6.9120443268e-01 6.7219087017e-01 6.5260564249e-01 6.3360644052e-01 6.1774936248e-01 6.0850384467e-01
6.1258943923e-01 6.2177796086e-01 6.3757023734e-01 6.5654755579e-01 6.7616959814e-01 6.9526297560e-01 7.1359618005e-01 7.3130176163e-01 7.4853063170e-01 7.6534602232e-01 7.8173844178e-01 7.9766654297e-01 8.1308423976e-01 8.2795044231e-01 8.4222952084e-01 8.5588939752e-01 8.6890016747e-01 8.8123361168e-01 8.9286318133e-01 9.0376409353e-01 9.1391339651e-01 9.2328998911e-01 9.3187461518e-01 9.3964984883e-01 9.4660007747e-01 9.5271148396e-01 9.5797202861e-01 9.6237143123e-01 9.6590115426e-01 9.6855438749e-01 9.7032603520e-01 9.7121270602e-01 9.7121270602e-01 9.7032603520e-01 9.6855438749e-01 9.6590115426e-01 9.6237143123e-01 9.5797202861e-01 9.5271148396e-01 9.4660007747e-01 9.3964984883e-01 9.3187461518e-01 9.2328998911e-01 9.1391339651e-01 9.0376409353e-01 8.9286318133e-01 8.8123361168e-01 8.6890016747e-01 8.5588939752e-01 8.4222952084e-01 8.2795044231e-01 8.1308423976e-01 7.9766654297e-01 7.8173844178e-01 7.6534602232e-01 7.4853063170e-01 7.3130176163e-01 7.1359618005e-01 6.9526297560e-01 6.7616959814e-01 6.5654755579e-01 6.3757023734e-01 6.2177796086e-01 6.1258943923e-01
6.1601240095e-01 6.2515386292e-01 6.4089236942e-01 6.5985101393e-01 6.7950279140e-01 6.9866172096e-01 7.1707593702e-01 7.3486309372e-01 7.5216778989e-01 7.6905272037e-01 7.8550990329e-01 8.0149933786e-01 8.1697553384e-01 8.3189746972e-01 8.4622939958e-01 8.5993913779e-01 8.7299672818e-01 8.8537394153e-01 8.9704423719e-01 9.0798284642e-01 9.1816683390e-01 9.2757511686e-01 9.3618845939e-01 9.4398945710e-01 9.5096251934e-01 9.5709385050e-01 9.6237143123e-01 9.6678499991e-01 9.7032603519e-01 9.7298774038e-01 9.7476503015e-01 9.7565452020e-01 9.7565452020e-01 9.7476503015e-01 9.7298774038e-01 9.7032603519e-01 9.6678499991e-01 9.6237143123e-01 9.5709385050e-01 9.5096251934e-01 9.4398945710e-01 9.3618845939e-01 9.2757511686e-01 9.1816683390e-01 9.0798284642e-01 8.9704423719e-01 8.8537394153e-01 8.7299672818e-01 8.5993913779e-01 8.4622939958e-01 8.3189746972e-01 8.1697553384e-01 8.0149933786e-01 7.8550990329e-01 7.6905272037e-01 7.5216778989e-01 7.3486309372e-01 7.1707593702e-01 6.9866172096e-01 6.7950279140e-01 6.5985101393e-01 6.4089236942e-01 6.2515386292e-01 6.1601240095e-01
6.1876278166e-01 6.2786688146e-01 6.4356252501e-01 6.6250594764e-01 6.8218089738e-01 7.0139163681e-01 7.1987025229e-01 7.3772252612e-01 7.5508791601e-01 7.7202856903e-01 7.8853763606e-01 8.0457617128e-01 8.2009916932e-01 8.3506567786e-01 8.4943986765e-01 8.6318947047e-01 8.7628448977e-01 8.8869668826e-01 9.0039953226e-01 9.1136826511e-01 9.2157996555e-01 9.3101356636e-01 9.3964984854e-01 9.4747142557e-01 9.5446272492e-01 9.6060996869e-01 9.6590115426e-01 9.7032603519e-01 9.7387610346e-01 9.7654457338e-01 9.7832636814e-01 9.7921810923e-01 9.7921810923e-01 9.7832636814e-01 9.7654457338e-01 9.7387610346e-01 9.7032603519e-01 9.6590115426e-01 9.6060996869e-01 9.5446272492e-01 9.4747142557e-01 9.3964984854e-01 9.3101356636e-01 9.2157996555e-01 9.1136826511e-01 9.0039953226e-01 8.8869668826e-01 8.7628448977e-01 8.6318947047e-01 8.4943986765e-01 8.3506567786e-01 8.2009916932e-01 8.0457617128e-01 7.8853763606e-01 7.7202856903e-01 7.5508791601e-01 7.3772252612e-01 7.1987025229e-01 7.0139163681e-01 6.8218089738e-01 6.6250594764e-01 6.4356252501e-01 6.2786688146e-01 6.1876278166e-01
6.2083258905e-01 6.2990883347e-01 6.4557241984e-01 6.6450426291e-01 6.8419623363e-01 7.0344546045e-01 7.2197213258e-01 7.3987315602e-01 7.5728408117e-01 7.7426657627e-01 7.9081459782e-01 8.0688997764e-01 8.2244807822e-01 8.3744800739e-01 8.5185387894e-01 8.6563336499e-01 8.7875643913e-01 8.9119485811e-01 9.0292209370e-01 9.1391339880e-01 9.2414586317e-01 9.3359843174e-01 9.4225189864e-01 9.5008889110e-01 9.5709385053e-01 9.6325301261e-01 9.6855438749e-01 9.7298774038e-01 9.7654457338e-01 9.7921810923e-01 9.8100327760e-01 9.8189670438e-01 9.8189670438e-01 9.8100327760e-01 9.7921810923e-01 9.7654457338e-01 9.7298774038e-01 9.6855438749e-01 9.6325301261e-01 9.5709385053e-01 9.5008889110e-01 9.4225189864e-01 9.3359843174e-01 9.2414586317e-01 9.1391339880e-01 9.0292209370e-01 8.9119485811e-01 8.7875643913e-01 8.6563336499e-01 8.5185387894e-01 8.3744800739e-01 8.2244807822e-01 8.0688997764e-01 7.9081459782e-01 7.7426657627e-01 7.5728408117e-01 7.3987315602e-01 7.2197213258e-01 7.0344546045e-01 6.8419623363e-01 6.6450426291e-01 6.4557241984e-01 6.2990883347e-01 6.2083258905e-01
6.2221580988e-01 6.3127356310e-01 6.4691582113e-01 6.6583986744e-01 6.8554301524e-01 7.0481772362e-01 7.2337631649e-01 7.4130979592e-01 7.5875108353e-01 7.7576149627e-01 7.9233550669e-01 8.0843545842e-01 8.2401696096e-01 8.3903916607e-01 8.5346615224e-01 8.6726555287e-01 8.8040732192e-01 8.9286321219e-01 9.0460669925e-01 9.1561304252e-01 9.2585933940e-01 9.3532454313e-01 9.4398945679e-01 9.5183671698e-01 9.5885077454e-01 9.6501787435e-01 9.7032603520e-01 9.7476503015e-01 9.7832636814e-01 9.8100327760e-01 9.8279069256e-01 9.8368524188e-01 9.8368524188e-01 9.8279069256e-01 9.8100327760e-01 9.7832636814e-01 9.7476503015e-01 9.7032603520e-01 9.6501787435e-01 9.5885077454e-01 9.5183671698e-01 9.4398945679e-01 9.3532454313e-01 9.2585933940e-01 9.1561304252e-01 9.0460669925e-01 8.9286321219e-01 8.8040732192e-01 8.6726555287e-01 8.5346615224e-01 8.3903916607e-01 8.2401696096e-01 8.0843545842e-01 7.9233550669e-01 7.7576149627e-01 7.5875108353e-01 7.4130979592e-01 7.2337631649e-01 7.0481772362e-01 6.8554301524e-01 6.6583986744e-01 6.4691582113e-01 6.3127356310e-01 6.2221580988e-01
6.2290842608e-01 6.3195695740e-01 6.4758856426e-01 6.6650868920e-01 6.8621737455e-01 7.0550477062e-01 7.2407928848e-01 7.4202898244e-01 7.5948545267e-01 7.7650983089e-01 7.9309684143e-01 8.0920908171e-01 8.2480228527e-01 8.3983562695e-01 8.5427316839e-01 8.6808252399e-01 8.8123363793e-01 8.9369826110e-01 9.0544987095e-01 9.1646373027e-01 9.2671694033e-01 9.3618845860e-01 9.4485909269e-01 9.5271148395e-01 9.5973008797e-01 9.6590115427e-01 9.7121270602e-01 9.7565452020e-01 9.7921810923e-01 9.8189670438e-01 9.8368524188e-01 9.8458035210e-01 9.8458035210e-01 9.8368524188e-01 9.8189670438e-01 9.7921810923e-01 9.7565452020e-01 9.7121270602e-01 9.6590115427e-01 9.5973008797e-01 9.5271148395e-01 9.4485909269e-01 9.3618845860e-01 9.2671694033e-01 9.1646373027e-01 9.0544987095e-01 8.9369826110e-01 8.8123363793e-01 8.6808252399e-01 8.5427316839e-01 8.3983562695e-01 8.2480228527e-01 8.0920908171e-01 7.9309684143e-01 7.7650983089e-01 7.5948545267e-01 7.4202898244e-01 7.2407928848e-01 7.0550477062e-01 6.8621737455e-01 6.6650868920e-01 6.4758856426e-01 6.3195695740e-01 6.2290842608e-01
6.2290842608e-01 6.3195695740e-01 6.4758856426e-01 6.6650868920e-01 6.8621737455e-01 7.0550477062e-01 7.2407928848e-01 7.4202898244e-01 7.5948545267e-01 7.7650983089e-01 7.9309684143e-01 8.0920908171e-01 8.2480228527e-01 8.3983562695e-01 8.5427316839e-01 8.6808252399e-01 8.8123363793e-01 8.9369826110e-01 9.0544987095e-01 9.1646373027e-01 9.2671694033e-01 9.3618845860e-01 9.4485909269e-01 9.5271148395e-01 9.5973008797e-01 9.6590115427e-01 9.7121270602e-01 9.7565452020e-01 9.7921810923e-01 9.8189670438e-01 9.8368524188e-01 9.8458035210e-01 9.8458035210e-01 9.8368524188e-01 9.8189670438e-01 9.7921810923e-01 9.7565452020e-01 9.7121270602e-01 9.6590115427e-01 9.5973008797e-01 9.5271148395e-01 9.4485909269e-01 9.3618845860e-01 9.2671694033e-01 9.1646373027e-01 9.0544987095e-01 8.9369826110e-01 8.8123363793e-01 8.6808252399e-01 8.5427316839e-01 8.3983562695e-01 8.2480228527e-01 8.0920908171e-01 7.9309684143e-01 7.7650983089e-01 7.5948545267e-01 7.4202898244e-01 7.2407928848e-01 7.0550477062e-01 6.8621737455e-01 6.6650868920e-01 6.4758856426e-01 6.3195695740e-01 6.2290842608e-01
6.2221580988e-01 6.3127356310e-01 6.4691582113e-01 6.6583986744e-01 6.8554301524e-01 7.0481772362e-01 7.2337631649e-01 7.4130979592e-01 7.5875108353e-01 7.7576149627e-01 7.9233550669e-01 8.0843545842e-01 8.2401696096e-01 8.3903916607e-01 8.5346615224e-01 8.6726555287e-01 8.8040732192e-01 8.9286321219e-01 9.0460669925e-01 9.1561304252e-01 9.2585933940e-01 9.3532454313e-01 9.4398945679e-01 9.5183671698e-01 9.5885077454e-01 9.6501787435e-01 9.7032603520e-01 9.7476503015e-01 9.7832636814e-01 9.8100327760e-01 9.8279069256e-01 9.8368524188e-01 9.8368524188e-01 9.8279069256e-01 9.8100327760e-01 9.7832636814e-01 9.7476503015e-01 9.7032603520e-01 9.6501787435e-01 9.5885077454e-01 9.5183671698e-01 9.4398945679e-01 9.3532454313e-01 9.2585933940e-01 9.1561304252e-01 9.0460669925e-01 8.9286321219e-01 8.8040732192e-01 8.6726555287e-01 8.5346615224e-01 8.3903916607e-01 8.2401696096e-01 8.0843545842e-01 7.9233550669e-01 7.7576149627e-01 7.5875108353e-01 7.4130979592e-01 7.2337631649e-01 7.0481772362e-01 6.8554301524e-01 6.6583986744e-01 6.4691582113e-01 6.3127356310e-01 6.2221580988e-01
6.2083258905e-01 6.2990883347e-01 6.4557241984e-01 6.6450426291e-01 6.8419623363e-01 7.0344546045e-01 7.2197213258e-01 7.3987315602e-01 7.5728408117e-01 7.7426657627e-01 7.9081459782e-01 8.0688997764e-01 8.2244807822e-01 8.3744800739e-01 8.5185387894e-01 8.6563336499e-01 8.7875643913e-01 8.9119485811e-01 9.0292209370e-01 9.1391339880e-01 9.2414586317e-01 9.3359843174e-01 9.4225189864e-01 9.5008889110e-01 9.5709385053e-01 9.6325301261e-01 9.6855438749e-01 9.7298774038e-01 9.7654457338e-01 9.7921810923e-01 9.8100327760e-01 9.8189670438e-01 9.8189670438e-01 9.8100327760e-01 9.7921810923e-01 9.7654457338e-01 9.7298774038e-01 9.6855438749e-01 9.6325301261e-01 9.5709385053e-01 9.5008889110e-01 9.4225189864e-01 9.3359843174e-01 9.2414586317e-01 9.1391339880e-01 9.0292209370e-01 8.9119485811e-01 8.7875643913e-01 8.6563336499e-01 8.5185387894e-01 8.3744800739e-01 8.2244807822e-01 8.0688997764e-01 7.9081459782e-01 7.7426657627e-01 7.5728408117e-01 7.3987315602e-01 7.2197213258e-01 7.0344546045e-01 6.8419623363e-01 6.6450426291e-01 6.4557241984e-01 6.2990883347e-01 6.2083258905e-01
6.1876278166e-01 6.2786688146e-01 6.4356252501e-01 6.6250594764e-01 6.8218089738e-01 7.0139163681e-01 7.1987025229e-01 7.3772252612e-01 7.5508791601e-01 7.7202856903e-01 7.8853763606e-01 8.0457617128e-01 8.2009916932e-01 8.3506567786e-01 8.4943986765e-01 8.6318947047e-01 8.7628448977e-01 8.8869668826e-01 9.0039953226e-01 9.1136826511e-01 9.2157996555e-01 9.3101356636e-01 9.3964984854e-01 9.4747142557e-01 9.5446272492e-01 9.6060996869e-01 9.6590115426e-01 9.7032603519e-01 9.7387610346e-01 9.7654457338e-01 9.7832636814e-01 9.7921810923e-01 9.7921810923e-01 9.7832636814e-01 9.7654457338e-01 9.7387610346e-01 9.7032603519e-01 9.6590115426e-01 9.6060996869e-01 9.5446272492e-01 9.4747142557e-01 9.3964984854e-01 9.3101356636e-01 9.2157996555e-01 9.1136826511e-01 9.0039953226e-01 8.8869668826e-01 8.7628448977e-01 8.6318947047e-01 8.4943986765e-01 8.3506567786e-01 8.2009916932e-01 8.0457617128e-01 7.8853763606e-01 7.7202856903e-01 7.5508791601e-01 7.3772252612e-01 7.1987025229e-01 7.0139163681e-01 6.8218089738e-01 6.6250594764e-01 6.4356252501e-01 6.2786688146e-01 6.1876278166e-01
