3.6015669162e-01 4.7135299393e-01 5.5607056637e-01 6.0466837504e-01 6.0466837504e-01 5.5607056637e-01 4.7135299393e-01 3.6015669162e-01
4.7135299393e-01 6.0832122867e-01 7.1199752097e-01 7.6970965271e-01 7.6970965271e-01 7.1199752097e-01 6.0832122867e-01 4.7135299393e-01
5.5607056637e-01 7.1199752097e-01 8.3056354298e-01 8.9545512660e-01 8.9545512660e-01 8.3056354298e-01 7.1199752097e-01 5.5607056637e-01
6.0466837504e-01 7.6970965271e-01 8.9545512660e-01 9.6362510152e-01 9.6362510152e-01 8.9545512660e-01 7.6970965271e-01 6.0466837504e-01
6.0466837504e-01 7.6970965271e-01 8.9545512660e-01 9.6362510152e-01 9.6362510152e-01 8.9545512660e-01 7.6970965271e-01 6.0466837504e-01
5.5607056637e-01 7.1199752097e-01 8.3056354298e-01 8.9545512660e-01 8.9545512660e-01 8.3056354298e-01 7.1199752097e-01 5.5607056637e-01
4.7135299393e-01 6.0832122867e-01 7.1199752097e-01 7.6970965271e-01 7.6970965271e-01 7.1199752097e-01 6.0832122867e-01 4.7135299393e-01
3.6015669162e-01 4.7135299393e-01 5.5607056637e-01 6.0466837504e-01 6.0466837504e-01 5.5607056637e-01 4.7135299393e-01 3.6015669162e-01
