3.3565700758e-01 3.4372108129e-01 3.5742541737e-01 3.7321804105e-01 3.8804593803e-01 4.0032295950e-01 4.0996038994e-01 4.1779945084e-01 4.2492175207e-01 4.3215260363e-01 4.3986540514e-01 4.4804121155e-01 4.5645622161e-01 4.6486643899e-01 4.7311322123e-01 4.8114133988e-01 4.8896397248e-01 4.9661635370e-01 5.0412432923e-01 5.1149405853e-01 5.1871626113e-01 5.2577519343e-01 5.3265560960e-01 5.3934559148e-01 5.4583626743e-01 5.5212035549e-01 5.5819092669e-01 5.6404086711e-01 5.6966289128e-01 5.7504977280e-01 5.8019454928e-01 5.8509061891e-01 5.8973175166e-01 5.9411206744e-01 5.9822601801e-01 6.0206838380e-01 6.0563428169e-01 6.0891917606e-01 6.1191888825e-01 6.1462960337e-01 6.1704787509e-01 6.1917062946e-01 6.2099516849e-01 6.2251917340e-01 6.2374070749e-01 6.2465821861e-01 6.2527054102e-01 6.2557689682e-01 6.2557689682e-01 6.2527054102e-01 6.2465821861e-01 6.2374070749e-01 6.2251917340e-01 6.2099516849e-01 6.1917062946e-01 6.1704787509e-01 6.1462960337e-01 6.1191888825e-01 6.0891917606e-01 6.0563428169e-01 6.0206838380e-01 5.9822601801e-01 5.9411206744e-01 5.8973175166e-01 5.8509061891e-01 5.8019454928e-01 5.7504977280e-01 5.6966289128e-01 5.6404086711e-01 5.5819092669e-01 5.5212035549e-01 5.4583626743e-01 5.3934559148e-01 5.3265560960e-01 5.2577519343e-01 5.1871626113e-01 5.1149405853e-01 5.0412432923e-01 4.9661635370e-01 4.8896397248e-01 4.8114133988e-01 4.7311322123e-01 4.6486643899e-01 4.5645622161e-01 4.4804121155e-01 4.3986540514e-01 4.3215260363e-01 4.2492175207e-01 4.1779945084e-01 4.0996038994e-01 4.0032295950e-01 3.8804593803e-01 3.7321804105e-01 3.5742541737e-01 3.4372108129e-01 3.3565700758e-01
3.4372108129e-01 3.5153791229e-01 3.6483833599e-01 3.8019894651e-01 3.9466954226e-01 4.0670703212e-01 4.1621019816e-01 4.2397764531e-01 4.3104538772e-01 4.3820792147e-01 4.4582802390e-01 4.5389182520e-01 4.6218735556e-01 4.7048131171e-01 4.7862074254e-01 4.8655119190e-01 4.9428384981e-01 5.0185147837e-01 5.0927828151e-01 5.1656985847e-01 5.2371707333e-01 5.3070453316e-01 5.3751722684e-01 5.4414326509e-01 5.5057365637e-01 5.5680094428e-01 5.6281803642e-01 5.6861768838e-01 5.7419251088e-01 5.7953518608e-01 5.8463866254e-01 5.8949624881e-01 5.9410162604e-01 5.9844882877e-01 6.0253222853e-01 6.0634653144e-01 6.0988678581e-01 6.1314839302e-01 6.1612711681e-01 6.1881909002e-01 6.2122081936e-01 6.2332918933e-01 6.2514146570e-01 6.2665529873e-01 6.2786872603e-01 6.2878017495e-01 6.2938846441e-01 6.2969280628e-01 6.2969280628e-01 6.2938846441e-01 6.2878017495e-01 6.2786872603e-01 6.2665529873e-01 6.2514146570e-01 6.2332918933e-01 6.2122081936e-01 6.1881909002e-01 6.1612711681e-01 6.1314839302e-01 6.0988678581e-01 6.0634653144e-01 6.0253222853e-01 5.9844882877e-01 5.9410162604e-01 5.8949624881e-01 5.8463866254e-01 5.7953518608e-01 5.7419251088e-01 5.6861768838e-01 5.6281803642e-01 5.5680094428e-01 5.5057365637e-01 5.4414326509e-01 5.3751722684e-01 5.3070453316e-01 5.2371707333e-01 5.1656985847e-01 5.0927828151e-01 5.0185147837e-01 4.9428384981e-01 4.8655119190e-01 4.7862074254e-01 4.7048131171e-01 4.6218735556e-01 4.5389182520e-01 4.4582802390e-01 4.3820792147e-01 4.3104538772e-01 4.2397764531e-01 4.1621019816e-01 4.0670703212e-01 3.9466954226e-01 3.8019894651e-01 3.6483833599e-01 3.5153791229e-01 3.4372108129e-01
3.5742541737e-01 3.6483833599e-01 3.7748260371e-01 3.9214941612e-01 4.0605882042e-01 4.1773680067e-01 4.2705767576e-01 4.3474548397e-01 4.4175774968e-01 4.4883665991e-01 4.5632776111e-01 4.6422694155e-01 4.7234334665e-01 4.8046246765e-01 4.8844122719e-01 4.9622639576e-01 5.0382559959e-01 5.1126725750e-01 5.1857274841e-01 5.2574677978e-01 5.3278057204e-01 5.3965944549e-01 5.4636888731e-01 5.5289713476e-01 5.5923505450e-01 5.6537494912e-01 5.7130950267e-01 5.7703130344e-01 5.8253283935e-01 5.8780668842e-01 5.9284569571e-01 5.9764306152e-01 6.0219235664e-01 6.0648750778e-01 6.1052278450e-01 6.1429279800e-01 6.1779250883e-01 6.2101723732e-01 6.2396267273e-01 6.2662487999e-01 6.2900030460e-01 6.3108577662e-01 6.3287851427e-01 6.3437612708e-01 6.3557661880e-01 6.3647838969e-01 6.3708023838e-01 6.3738136325e-01 6.3738136325e-01 6.3708023838e-01 6.3647838969e-01 6.3557661880e-01 6.3437612708e-01 6.3287851427e-01 6.3108577662e-01 6.2900030460e-01 6.2662487999e-01 6.2396267273e-01 6.2101723732e-01 6.1779250883e-01 6.1429279800e-01 6.1052278450e-01 6.0648750778e-01 6.0219235664e-01 5.9764306152e-01 5.9284569571e-01 5.8780668842e-01 5.8253283935e-01 5.7703130344e-01 5.7130950267e-01 5.6537494912e-01 5.5923505450e-01 5.5289713476e-01 5.4636888731e-01 5.3965944549e-01 5.3278057204e-01 5.2574677978e-01 5.1857274841e-01 5.1126725750e-01 5.0382559959e-01 4.9622639576e-01 4.8844122719e-01 4.8046246765e-01 4.7234334665e-01 4.6422694155e-01 4.5632776111e-01 4.4883665991e-01 4.4175774968e-01 4.3474548397e-01 4.2705767576e-01 4.1773680067e-01 4.0605882042e-01 3.9214941612e-01 3.7748260371e-01 3.6483833599e-01 3.5742541737e-01
3.7321804105e-01 3.8019894651e-01 3.9214941612e-01 4.0610013939e-01 4.1945835320e-01 4.3082126290e-01 4.4002826435e-01 4.4771287477e-01 4.5473995005e-01 4.6179143008e-01 4.6919467793e-01 4.7695918428e-01 4.8492053951e-01 4.9288719815e-01 5.0072787956e-01 5.0839057723e-01 5.1587840560e-01 5.2321446530e-01 5.3041678852e-01 5.3748916437e-01 5.4442344000e-01 5.5120598940e-01 5.5782307050e-01 5.6426321798e-01 5.7051725576e-01 5.7657731633e-01 5.8243593202e-01 5.8808560551e-01 5.9351878954e-01 5.9872804433e-01 6.0370619157e-01 6.0844639561e-01 6.1294218202e-01 6.1718742899e-01 6.2117635847e-01 6.2490353670e-01 6.2836388197e-01 6.3155267485e-01 6.3446556724e-01 6.3709858919e-01 6.3944815422e-01 6.4151106354e-01 6.4328450981e-01 6.4476608053e-01 6.4595376094e-01 6.4684593643e-01 6.4744139444e-01 6.4773932585e-01 6.4773932585e-01 6.4744139444e-01 6.4684593643e-01 6.4595376094e-01 6.4476608053e-01 6.4328450981e-01 6.4151106354e-01 6.3944815422e-01 6.3709858919e-01 6.3446556724e-01 6.3155267485e-01 6.2836388197e-01 6.2490353670e-01 6.2117635847e-01 6.1718742899e-01 6.1294218202e-01 6.0844639561e-01 6.0370619157e-01 5.9872804433e-01 5.9351878954e-01 5.8808560551e-01 5.8243593202e-01 5.7657731633e-01 5.7051725576e-01 5.6426321798e-01 5.5782307050e-01 5.5120598940e-01 5.4442344000e-01 5.3748916437e-01 5.3041678852e-01 5.2321446530e-01 5.1587840560e-01 5.0839057723e-01 5.0072787956e-01 4.9288719815e-01 4.8492053951e-01 4.7695918428e-01 4.6919467793e-01 4.6179143008e-01 4.5473995005e-01 4.4771287477e-01 4.4002826435e-01 4.3082126290e-01 4.1945835320e-01 4.0610013939e-01 3.9214941612e-01 3.8019894651e-01 3.7321804105e-01
3.8804593803e-01 3.9466954226e-01 4.0605882042e-01 4.1945835320e-01 4.3243841257e-01 4.4365103821e-01 4.5289297074e-01 4.6070588855e-01 4.6786425708e-01 4.7499339274e-01 4.8240596531e-01 4.9012764570e-01 4.9802192012e-01 5.0592069495e-01 5.1370435924e-01 5.2132175384e-01 5.2877113765e-01 5.3607012815e-01 5.4323344702e-01 5.5026414563e-01 5.5715494284e-01 5.6389351213e-01 5.7046709800e-01 5.7686471531e-01 5.8307730591e-01 5.8909698323e-01 5.9491627675e-01 6.0052775163e-01 6.0592397095e-01 6.1109761729e-01 6.1604162181e-01 6.2074923771e-01 6.2521406200e-01 6.2943003317e-01 6.3339142681e-01 6.3709285788e-01 6.4052928882e-01 6.4369603951e-01 6.4658879624e-01 6.4920361899e-01 6.5153694701e-01 6.5358560359e-01 6.5534680013e-01 6.5681813975e-01 6.5799762042e-01 6.5888363754e-01 6.5947498592e-01 6.5977086130e-01 6.5977086130e-01 6.5947498592e-01 6.5888363754e-01 6.5799762042e-01 6.5681813975e-01 6.5534680013e-01 6.5358560359e-01 6.5153694701e-01 6.4920361899e-01 6.4658879624e-01 6.4369603951e-01 6.4052928882e-01 6.3709285788e-01 6.3339142681e-01 6.2943003317e-01 6.2521406200e-01 6.2074923771e-01 6.1604162181e-01 6.1109761729e-01 6.0592397095e-01 6.0052775163e-01 5.9491627675e-01 5.8909698323e-01 5.8307730591e-01 5.7686471531e-01 5.7046709800e-01 5.6389351213e-01 5.5715494284e-01 5.5026414563e-01 5.4323344702e-01 5.3607012815e-01 5.2877113765e-01 5.2132175384e-01 5.1370435924e-01 5.0592069495e-01 4.9802192012e-01 4.9012764570e-01 4.8240596531e-01 4.7499339274e-01 4.6786425708e-01 4.6070588855e-01 4.5289297074e-01 4.4365103821e-01 4.3243841257e-01 4.1945835320e-01 4.0605882042e-01 3.9466954226e-01 3.8804593803e-01
4.0032295950e-01 4.0670703212e-01 4.1773680067e-01 4.3082126290e-01 4.4365103821e-01 4.5490971443e-01 4.6434736367e-01 4.7242177260e-01 4.7982870739e-01 4.8714653486e-01 4.9467844036e-01 5.0246731874e-01 5.1040318103e-01 5.1833944730e-01 5.2616679917e-01 5.3383439848e-01 5.4133573980e-01 5.4868329785e-01 5.5588880991e-01 5.6295480456e-01 5.6987499478e-01 5.7663844038e-01 5.8323346696e-01 5.8964968662e-01 5.9587829353e-01 6.0191152250e-01 6.0774203837e-01 6.1336260164e-01 6.1876601323e-01 6.2394520127e-01 6.2889332555e-01 6.3360384293e-01 6.3807053168e-01 6.4228749469e-01 6.4624915911e-01 6.4995028033e-01 6.5338595015e-01 6.5655160643e-01 6.5944304208e-01 6.6205641253e-01 6.6438824175e-01 6.6643542745e-01 6.6819524547e-01 6.6966535370e-01 6.7084379542e-01 6.7172900201e-01 6.7231979518e-01 6.7261538850e-01 6.7261538850e-01 6.7231979518e-01 6.7172900201e-01 6.7084379542e-01 6.6966535370e-01 6.6819524547e-01 6.6643542745e-01 6.6438824175e-01 6.6205641253e-01 6.5944304208e-01 6.5655160643e-01 6.5338595015e-01 6.4995028033e-01 6.4624915911e-01 6.4228749469e-01 6.3807053168e-01 6.3360384293e-01 6.2889332555e-01 6.2394520127e-01 6.1876601323e-01 6.1336260164e-01 6.0774203837e-01 6.0191152250e-01 5.9587829353e-01 5.8964968662e-01 5.8323346696e-01 5.7663844038e-01 5.6987499478e-01 5.6295480456e-01 5.5588880991e-01 5.4868329785e-01 5.4133573980e-01 5.3383439848e-01 5.2616679917e-01 5.1833944730e-01 5.1040318103e-01 5.0246731874e-01 4.9467844036e-01 4.8714653486e-01 4.7982870739e-01 4.7242177260e-01 4.6434736367e-01 4.5490971443e-01 4.4365103821e-01 4.3082126290e-01 4.1773680067e-01 4.0670703212e-01 4.0032295950e-01
4.0996038994e-01 4.1621019816e-01 4.2705767576e-01 4.4002826435e-01 4.5289297074e-01 4.6434736367e-01 4.7409487735e-01 4.8252086133e-01 4.9025629163e-01 4.9784285128e-01 5.0557864444e-01 5.1352328950e-01 5.2159041578e-01 5.2965199594e-01 5.3760724066e-01 5.4540518015e-01 5.5303488345e-01 5.6050421434e-01 5.6782228837e-01 5.7499122323e-01 5.8200567487e-01 5.8885599854e-01 5.9553154908e-01 6.0202254236e-01 6.0832047263e-01 6.1441775998e-01 6.2030726811e-01 6.2598201102e-01 6.3143508221e-01 6.3665970994e-01 6.4164933891e-01 6.4639768747e-01 6.5089877329e-01 6.5514692086e-01 6.5913676433e-01 6.6286325257e-01 6.6632165712e-01 6.6950758137e-01 6.7241696925e-01 6.7504611266e-01 6.7739165778e-01 6.7945061039e-01 6.8122034054e-01 6.8269858659e-01 6.8388345866e-01 6.8477344148e-01 6.8536739665e-01 6.8566456434e-01 6.8566456434e-01 6.8536739665e-01 6.8477344148e-01 6.8388345866e-01 6.8269858659e-01 6.8122034054e-01 6.7945061039e-01 6.7739165778e-01 6.7504611266e-01 6.7241696925e-01 6.6950758137e-01 6.6632165712e-01 6.6286325257e-01 6.5913676433e-01 6.5514692086e-01 6.5089877329e-01 6.4639768747e-01 6.4164933891e-01 6.3665970994e-01 6.3143508221e-01 6.2598201102e-01 6.2030726811e-01 6.1441775998e-01 6.0832047263e-01 6.0202254236e-01 5.9553154908e-01 5.8885599854e-01 5.8200567487e-01 5.7499122323e-01 5.6782228837e-01 5.6050421434e-01 5.5303488345e-01 5.4540518015e-01 5.3760724066e-01 5.2965199594e-01 5.2159041578e-01 5.1352328950e-01 5.0557864444e-01 4.9784285128e-01 4.9025629163e-01 4.8252086133e-01 4.7409487735e-01 4.6434736367e-01 4.5289297074e-01 4.4002826435e-01 4.2705767576e-01 4.1621019816e-01 4.0996038994e-01
4.1779945084e-01 4.2397764531e-01 4.3474548397e-01 4.4771287477e-01 4.6070588855e-01 4.7242177260e-01 4.8252086133e-01 4.9132700354e-01 4.9941785899e-01 5.0730594211e-01 5.1528651255e-01 5.2343412813e-01 5.3168262958e-01 5.3991958440e-01 5.4805118495e-01 5.5602609657e-01 5.6382941737e-01 5.7146492303e-01 5.7893936596e-01 5.8625441258e-01 5.9340545064e-01 6.0038389518e-01 6.0717995497e-01 6.1378434977e-01 6.2018882492e-01 6.2638595690e-01 6.3236878067e-01 6.3813053275e-01 6.4366456813e-01 6.4896438856e-01 6.5402370399e-01 6.5883648143e-01 6.6339697065e-01 6.6769971441e-01 6.7173955338e-01 6.7551163157e-01 6.7901140372e-01 6.8223464362e-01 6.8517745209e-01 6.8783626413e-01 6.9020785493e-01 6.9228934524e-01 6.9407820583e-01 6.9557226156e-01 6.9676969470e-01 6.9766904775e-01 6.9826922565e-01 6.9856949747e-01 6.9856949747e-01 6.9826922565e-01 6.9766904775e-01 6.9676969470e-01 6.9557226156e-01 6.9407820583e-01 6.9228934524e-01 6.9020785493e-01 6.8783626413e-01 6.8517745209e-01 6.8223464362e-01 6.7901140372e-01 6.7551163157e-01 6.7173955338e-01 6.6769971441e-01 6.6339697065e-01 6.5883648143e-01 6.5402370399e-01 6.4896438856e-01 6.4366456813e-01 6.3813053275e-01 6.3236878067e-01 6.2638595690e-01 6.2018882492e-01 6.1378434977e-01 6.0717995497e-01 6.0038389518e-01 5.9340545064e-01 5.8625441258e-01 5.7893936596e-01 5.7146492303e-01 5.6382941737e-01 5.5602609657e-01 5.4805118495e-01 5.3991958440e-01 5.3168262958e-01 5.2343412813e-01 5.1528651255e-01 5.0730594211e-01 4.9941785899e-01 4.9132700354e-01 4.8252086133e-01 4.7242177260e-01 4.6070588855e-01 4.4771287477e-01 4.3474548397e-01 4.2397764531e-01 4.1779945084e-01
4.2492175207e-01 4.3104538772e-01 4.4175774968e-01 4.5473995005e-01 4.6786425708e-01 4.7982870739e-01 4.9025629163e-01 4.9941785899e-01 5.0784509685e-01 5.1602517143e-01 5.2425046262e-01 5.3260787440e-01 5.4104821499e-01 5.4947222940e-01 5.5779203926e-01 5.6595598349e-01 5.7394569814e-01 5.8176131547e-01 5.8940735888e-01 5.9688488429e-01 6.0418970416e-01 6.1131398105e-01 6.1824853569e-01 6.2498442761e-01 6.3151353906e-01 6.3782850774e-01 6.4392244600e-01 6.4978871683e-01 6.5542084259e-01 6.6081251150e-01 6.6595762144e-01 6.7085032057e-01 6.7548503178e-01 6.7985646420e-01 6.8395961900e-01 6.8778979472e-01 6.9134259359e-01 6.9461392865e-01 6.9760003072e-01 7.0029745469e-01 7.0270308511e-01 7.0481414094e-01 7.0662817980e-01 7.0814310155e-01 7.0935715138e-01 7.1026892243e-01 7.1087735776e-01 7.1118175191e-01 7.1118175191e-01 7.1087735776e-01 7.1026892243e-01 7.0935715138e-01 7.0814310155e-01 7.0662817980e-01 7.0481414094e-01 7.0270308511e-01 7.0029745469e-01 6.9760003072e-01 6.9461392865e-01 6.9134259359e-01 6.8778979472e-01 6.8395961900e-01 6.7985646420e-01 6.7548503178e-01 6.7085032057e-01 6.6595762144e-01 6.6081251150e-01 6.5542084259e-01 6.4978871683e-01 6.4392244600e-01 6.3782850774e-01 6.3151353906e-01 6.2498442761e-01 6.1824853569e-01 6.1131398105e-01 6.0418970416e-01 5.9688488429e-01 5.8940735888e-01 5.8176131547e-01 5.7394569814e-01 5.6595598349e-01 5.5779203926e-01 5.4947222940e-01 5.4104821499e-01 5.3260787440e-01 5.2425046262e-01 5.1602517143e-01 5.0784509685e-01 4.9941785899e-01 4.9025629163e-01 4.7982870739e-01 4.6786425708e-01 4.5473995005e-01 4.4175774968e-01 4.3104538772e-01 4.2492175207e-01
4.3215260363e-01 4.3820792147e-01 4.4883665991e-01 4.6179143008e-01 4.7499339274e-01 4.8714653486e-01 4.9784285128e-01 5.0730594211e-01 5.1602517143e-01 5.2446321524e-01 5.3290799734e-01 5.4145593247e-01 5.5007206543e-01 5.5866859968e-01 5.6716306022e-01 5.7550374957e-01 5.8366938974e-01 5.9165685540e-01 5.9946850640e-01 6.0710458896e-01 6.1456102176e-01 6.2183040446e-01 6.2890392841e-01 6.3577282179e-01 6.4242897512e-01 6.4886497288e-01 6.5507388946e-01 6.6104909588e-01 6.6678416492e-01 6.7227286088e-01 6.7750916850e-01 6.8248732573e-01 6.8720184591e-01 6.9164752933e-01 6.9581946922e-01 6.9971305640e-01 7.0332398436e-01 7.0664825489e-01 7.0968218381e-01 7.1242240613e-01 7.1486588080e-01 7.1700989473e-01 7.1885206635e-01 7.2039034869e-01 7.2162303197e-01 7.2254874579e-01 7.2316646083e-01 7.2347549019e-01 7.2347549019e-01 7.2316646083e-01 7.2254874579e-01 7.2162303197e-01 7.2039034869e-01 7.1885206635e-01 7.1700989473e-01 7.1486588080e-01 7.1242240613e-01 7.0968218381e-01 7.0664825489e-01 7.0332398436e-01 6.9971305640e-01 6.9581946922e-01 6.9164752933e-01 6.8720184591e-01 6.8248732573e-01 6.7750916850e-01 6.7227286088e-01 6.6678416492e-01 6.6104909588e-01 6.5507388946e-01 6.4886497288e-01 6.4242897512e-01 6.3577282179e-01 6.2890392841e-01 6.2183040446e-01 6.1456102176e-01 6.0710458896e-01 5.9946850640e-01 5.9165685540e-01 5.8366938974e-01 5.7550374957e-01 5.6716306022e-01 5.5866859968e-01 5.5007206543e-01 5.4145593247e-01 5.3290799734e-01 5.2446321524e-01 5.1602517143e-01 5.0730594211e-01 4.9784285128e-01 4.8714653486e-01 4.7499339274e-01 4.6179143008e-01 4.4883665991e-01 4.3820792147e-01 4.3215260363e-01
4.3986540514e-01 4.4582802390e-01 4.5632776111e-01 4.6919467793e-01 4.8240596531e-01 4.9467844036e-01 5.0557864444e-01 5.1528651255e-01 5.2425046262e-01 5.3290799734e-01 5.4154046382e-01 5.5025120438e-01 5.5901739868e-01 5.6776161231e-01 5.7640665964e-01 5.8490127786e-01 5.9322185766e-01 6.0136239016e-01 6.0932314207e-01 6.1710338970e-01 6.2469890066e-01 6.3210246562e-01 6.3930545994e-01 6.4629915106e-01 6.5307534033e-01 6.5962646922e-01 6.6594547973e-01 6.7202565064e-01 6.7786050352e-01 6.8344378064e-01 6.8876946189e-01 6.9383179022e-01 6.9862529113e-01 7.0314478352e-01 7.0738538541e-01 7.1134251774e-01 7.1501190814e-01 7.1838959513e-01 7.2147193243e-01 7.2425559299e-01 7.2673757263e-01 7.2891519326e-01 7.3078610563e-01 7.3234829169e-01 7.3360006667e-01 7.3454008076e-01 7.3516732041e-01 7.3548110938e-01 7.3548110938e-01 7.3516732041e-01 7.3454008076e-01 7.3360006667e-01 7.3234829169e-01 7.3078610563e-01 7.2891519326e-01 7.2673757263e-01 7.2425559299e-01 7.2147193243e-01 7.1838959513e-01 7.1501190814e-01 7.1134251774e-01 7.0738538541e-01 7.0314478352e-01 6.9862529113e-01 6.9383179022e-01 6.8876946189e-01 6.8344378064e-01 6.7786050352e-01 6.7202565064e-01 6.6594547973e-01 6.5962646922e-01 6.5307534033e-01 6.4629915106e-01 6.3930545994e-01 6.3210246562e-01 6.2469890066e-01 6.1710338970e-01 6.0932314207e-01 6.0136239016e-01 5.9322185766e-01 5.8490127786e-01 5.7640665964e-01 5.6776161231e-01 5.5901739868e-01 5.5025120438e-01 5.4154046382e-01 5.3290799734e-01 5.2425046262e-01 5.1528651255e-01 5.0557864444e-01 4.9467844036e-01 4.8240596531e-01 4.6919467793e-01 4.5632776111e-01 4.4582802390e-01 4.3986540514e-01
4.4804121155e-01 4.5389182520e-01 4.6422694155e-01 4.7695918428e-01 4.9012764570e-01 5.0246731874e-01 5.1352328950e-01 5.2343412813e-01 5.3260787440e-01 5.4145593247e-01 5.5025120438e-01 5.5910191285e-01 5.6799584236e-01 5.7686525408e-01 5.8563837074e-01 5.9426491609e-01 6.0271954565e-01 6.1099375762e-01 6.1908584760e-01 6.2699404588e-01 6.3471380939e-01 6.4223796680e-01 6.4955797022e-01 6.5666506217e-01 6.6355091249e-01 6.7020777907e-01 6.7662842252e-01 6.8280597135e-01 6.8873383286e-01 6.9440566368e-01 6.9981537736e-01 7.0495716360e-01 7.0982550484e-01 7.1441518622e-01 7.1872130085e-01 7.2273925284e-01 7.2646476004e-01 7.2989385693e-01 7.3302289767e-01 7.3584855904e-01 7.3836784309e-01 7.4057807945e-01 7.4247692732e-01 7.4406237720e-01 7.4533275235e-01 7.4628670991e-01 7.4692324196e-01 7.4724167613e-01 7.4724167613e-01 7.4692324196e-01 7.4628670991e-01 7.4533275235e-01 7.4406237720e-01 7.4247692732e-01 7.4057807945e-01 7.3836784309e-01 7.3584855904e-01 7.3302289767e-01 7.2989385693e-01 7.2646476004e-01 7.2273925284e-01 7.1872130085e-01 7.1441518622e-01 7.0982550484e-01 7.0495716360e-01 6.9981537736e-01 6.9440566368e-01 6.8873383286e-01 6.8280597135e-01 6.7662842252e-01 6.7020777907e-01 6.6355091249e-01 6.5666506217e-01 6.4955797022e-01 6.4223796680e-01 6.3471380939e-01 6.2699404588e-01 6.1908584760e-01 6.1099375762e-01 6.0271954565e-01 5.9426491609e-01 5.8563837074e-01 5.7686525408e-01 5.6799584236e-01 5.5910191285e-01 5.5025120438e-01 5.4145593247e-01 5.3260787440e-01 5.2343412813e-01 5.1352328950e-01 5.0246731874e-01 4.9012764570e-01 4.7695918428e-01 4.6422694155e-01 4.5389182520e-01 4.4804121155e-01
4.5645622161e-01 4.6218735556e-01 4.7234334665e-01 4.8492053951e-01 4.9802192012e-01 5.1040318103e-01 5.2159041578e-01 5.3168262958e-01 5.4104821499e-01 5.5007206543e-01 5.5901739868e-01 5.6799584236e-01 5.7700466052e-01 5.8598535179e-01 5.9487171924e-01 6.0361500094e-01 6.1218868530e-01 6.2058217839e-01 6.2879198229e-01 6.3681529036e-01 6.4464718241e-01 6.5228045746e-01 6.5970660908e-01 6.6691685100e-01 6.7390273229e-01 6.8065633629e-01 6.8717024097e-01 6.9343741219e-01 6.9945112276e-01 7.0520491943e-01 7.1069262369e-01 7.1590834593e-01 7.2084649941e-01 7.2550180938e-01 7.2986931794e-01 7.3394438669e-01 7.3772269867e-01 7.4120026034e-01 7.4437340368e-01 7.4723878820e-01 7.4979340277e-01 7.5203456720e-01 7.5395993358e-01 7.5556748745e-01 7.5685554867e-01 7.5782277224e-01 7.5846814889e-01 7.5879100553e-01 7.5879100553e-01 7.5846814889e-01 7.5782277224e-01 7.5685554867e-01 7.5556748745e-01 7.5395993358e-01 7.5203456720e-01 7.4979340277e-01 7.4723878820e-01 7.4437340368e-01 7.4120026034e-01 7.3772269867e-01 7.3394438669e-01 7.2986931794e-01 7.2550180938e-01 7.2084649941e-01 7.1590834593e-01 7.1069262369e-01 7.0520491943e-01 6.9945112276e-01 6.9343741219e-01 6.8717024097e-01 6.8065633629e-01 6.7390273229e-01 6.6691685100e-01 6.5970660908e-01 6.5228045746e-01 6.4464718241e-01 6.3681529036e-01 6.2879198229e-01 6.2058217839e-01 6.1218868530e-01 6.0361500094e-01 5.9487171924e-01 5.8598535179e-01 5.7700466052e-01 5.6799584236e-01 5.5901739868e-01 5.5007206543e-01 5.4104821499e-01 5.3168262958e-01 5.2159041578e-01 5.1040318103e-01 4.9802192012e-01 4.8492053951e-01 4.7234334665e-01 4.6218735556e-01 4.5645622161e-01
4.6486643899e-01 4.7048131171e-01 4.8046246765e-01 4.9288719815e-01 5.0592069495e-01 5.1833944730e-01 5.2965199594e-01 5.3991958440e-01 5.4947222940e-01 5.5866859968e-01 5.6776161231e-01 5.7686525408e-01 5.8598535179e-01 5.9507220848e-01 6.0406529890e-01 6.1291779750e-01 6.2160252024e-01 6.3010716285e-01 6.3842664030e-01 6.4655717351e-01 6.5449345979e-01 6.6222825496e-01 6.6975310257e-01 6.7705921983e-01 6.8413807871e-01 6.9098162964e-01 6.9758229997e-01 7.0393291398e-01 7.1002662225e-01 7.1585686812e-01 7.2141738398e-01 7.2670220140e-01 7.3170566287e-01 7.3642243030e-01 7.4084748965e-01 7.4497615347e-01 7.4880406250e-01 7.5232718704e-01 7.5554182850e-01 7.5844462068e-01 7.6103253110e-01 7.6330286203e-01 7.6525325131e-01 7.6688167311e-01 7.6818643843e-01 7.6916619558e-01 7.6981993051e-01 7.7014696703e-01 7.7014696703e-01 7.6981993051e-01 7.6916619558e-01 7.6818643843e-01 7.6688167311e-01 7.6525325131e-01 7.6330286203e-01 7.6103253110e-01 7.5844462068e-01 7.5554182850e-01 7.5232718704e-01 7.4880406250e-01 7.4497615347e-01 7.4084748965e-01 7.3642243030e-01 7.3170566287e-01 7.2670220140e-01 7.2141738398e-01 7.1585686812e-01 7.1002662225e-01 7.0393291398e-01 6.9758229997e-01 6.9098162964e-01 6.8413807871e-01 6.7705921983e-01 6.6975310257e-01 6.6222825496e-01 6.5449345979e-01 6.4655717351e-01 6.3842664030e-01 6.3010716285e-01 6.2160252024e-01 6.1291779750e-01 6.0406529890e-01 5.9507220848e-01 5.8598535179e-01 5.7686525408e-01 5.6776161231e-01 5.5866859968e-01 5.4947222940e-01 5.3991958440e-01 5.2965199594e-01 5.1833944730e-01 5.0592069495e-01 4.9288719815e-01 4.8046246765e-01 4.7048131171e-01 4.6486643899e-01
4.7311322123e-01 4.7862074254e-01 4.8844122719e-01 5.0072787956e-01 5.1370435924e-01 5.2616679917e-01 5.3760724066e-01 5.4805118495e-01 5.5779203926e-01 5.6716306022e-01 5.7640665964e-01 5.8563837074e-01 5.9487171924e-01 6.0406529890e-01 6.1316420223e-01 6.2212381801e-01 6.3091668248e-01 6.3952911489e-01 6.4795464461e-01 6.5618860275e-01 6.6422532199e-01 6.7205751985e-01 6.7967681011e-01 6.8707445371e-01 6.9424189696e-01 7.0117100910e-01 7.0785411180e-01 7.1428392377e-01 7.2045350169e-01 7.2635620811e-01 7.3198570506e-01 7.3733596098e-01 7.4240126076e-01 7.4717621355e-01 7.5165575750e-01 7.5583516230e-01 7.5971003078e-01 7.6327630006e-01 7.6653024267e-01 7.6946846759e-01 7.7208792112e-01 7.7438588758e-01 7.7635998990e-01 7.7800819000e-01 7.7932878910e-01 7.8032042795e-01 7.8098208699e-01 7.8131308646e-01 7.8131308646e-01 7.8098208699e-01 7.8032042795e-01 7.7932878910e-01 7.7800819000e-01 7.7635998990e-01 7.7438588758e-01 7.7208792112e-01 7.6946846759e-01 7.6653024267e-01 7.6327630006e-01 7.5971003078e-01 7.5583516230e-01 7.5165575750e-01 7.4717621355e-01 7.4240126076e-01 7.3733596098e-01 7.3198570506e-01 7.2635620811e-01 7.2045350169e-01 7.1428392377e-01 7.0785411180e-01 7.0117100910e-01 6.9424189696e-01 6.8707445371e-01 6.7967681011e-01 6.7205751985e-01 6.6422532199e-01 6.5618860275e-01 6.4795464461e-01 6.3952911489e-01 6.3091668248e-01 6.2212381801e-01 6.1316420223e-01 6.0406529890e-01 5.9487171924e-01 5.8563837074e-01 5.7640665964e-01 5.6716306022e-01 5.5779203926e-01 5.4805118495e-01 5.3760724066e-01 5.2616679917e-01 5.1370435924e-01 5.0072787956e-01 4.8844122719e-01 4.7862074254e-01 4.7311322123e-01
4.8114133988e-01 4.8655119190e-01 4.9622639576e-01 5.0839057723e-01 5.2132175384e-01 5.3383439848e-01 5.4540518015e-01 5.5602609657e-01 5.6595598349e-01 5.7550374957e-01 5.8490127786e-01 5.9426491609e-01 6.0361500094e-01 6.1291779750e-01 6.2212381801e-01 6.3119080498e-01 6.4009130400e-01 6.4881053097e-01 6.5734080463e-01 6.6567664088e-01 6.7381202213e-01 6.8173962608e-01 6.8945114635e-01 6.9693791541e-01 7.0419139437e-01 7.1120341530e-01 7.1796623517e-01 7.2447250237e-01 7.3071520930e-01 7.3668766311e-01 7.4238347772e-01 7.4779657840e-01 7.5292121022e-01 7.5775194528e-01 7.6228368755e-01 7.6651167557e-01 7.7043148416e-01 7.7403902555e-01 7.7733055033e-01 7.8030264833e-01 7.8295224930e-01 7.8527662341e-01 7.8727338162e-01 7.8894047597e-01 7.9027619968e-01 7.9127918728e-01 7.9194841465e-01 7.9228319902e-01 7.9228319902e-01 7.9194841465e-01 7.9127918728e-01 7.9027619968e-01 7.8894047597e-01 7.8727338162e-01 7.8527662341e-01 7.8295224930e-01 7.8030264833e-01 7.7733055033e-01 7.7403902555e-01 7.7043148416e-01 7.6651167557e-01 7.6228368755e-01 7.5775194528e-01 7.5292121022e-01 7.4779657840e-01 7.4238347772e-01 7.3668766311e-01 7.3071520930e-01 7.2447250237e-01 7.1796623517e-01 7.1120341530e-01 7.0419139437e-01 6.9693791541e-01 6.8945114635e-01 6.8173962608e-01 6.7381202213e-01 6.6567664088e-01 6.5734080463e-01 6.4881053097e-01 6.4009130400e-01 6.3119080498e-01 6.2212381801e-01 6.1291779750e-01 6.0361500094e-01 5.9426491609e-01 5.8490127786e-01 5.7550374957e-01 5.6595598349e-01 5.5602609657e-01 5.4540518015e-01 5.3383439848e-01 5.2132175384e-01 5.0839057723e-01 4.9622639576e-01 4.8655119190e-01 4.8114133988e-01
4.8896397248e-01 4.9428384981e-01 5.0382559959e-01 5.1587840560e-01 5.2877113765e-01 5.4133573980e-01 5.5303488345e-01 5.6382941737e-01 5.7394569814e-01 5.8366938974e-01 5.9322185766e-01 6.0271954565e-01 6.1218868530e-01 6.2160252024e-01 6.3091668248e-01 6.4009130400e-01 6.4909914527e-01 6.5792453685e-01 6.6655873117e-01 6.7499548670e-01 6.8322843678e-01 6.9125020228e-01 6.9905254763e-01 7.0662688458e-01 7.1396471057e-01 7.2105784851e-01 7.2789851912e-01 7.3447932614e-01 7.4079322012e-01 7.4683347263e-01 7.5259366755e-01 7.5806770375e-01 7.6324980205e-01 7.6813451191e-01 7.7271671613e-01 7.7699163383e-01 7.8095482219e-01 7.8460217767e-01 7.8792993694e-01 7.9093467760e-01 7.9361331878e-01 7.9596312157e-01 7.9798168924e-01 7.9966696743e-01 8.0101724419e-01 8.0203115002e-01 8.0270765782e-01 8.0304608290e-01 8.0304608290e-01 8.0270765782e-01 8.0203115002e-01 8.0101724419e-01 7.9966696743e-01 7.9798168924e-01 7.9596312157e-01 7.9361331878e-01 7.9093467760e-01 7.8792993694e-01 7.8460217767e-01 7.8095482219e-01 7.7699163383e-01 7.7271671613e-01 7.6813451191e-01 7.6324980205e-01 7.5806770375e-01 7.5259366755e-01 7.4683347263e-01 7.4079322012e-01 7.3447932614e-01 7.2789851912e-01 7.2105784851e-01 7.1396471057e-01 7.0662688458e-01 6.9905254763e-01 6.9125020228e-01 6.8322843678e-01 6.7499548670e-01 6.6655873117e-01 6.5792453685e-01 6.4909914527e-01 6.4009130400e-01 6.3091668248e-01 6.2160252024e-01 6.1218868530e-01 6.0271954565e-01 5.9322185766e-01 5.8366938974e-01 5.7394569814e-01 5.6382941737e-01 5.5303488345e-01 5.4133573980e-01 5.2877113765e-01 5.1587840560e-01 5.0382559959e-01 4.9428384981e-01 4.8896397248e-01
4.9661635370e-01 5.0185147837e-01 5.1126725750e-01 5.2321446530e-01 5.3607012815e-01 5.4868329785e-01 5.6050421434e-01 5.7146492303e-01 5.8176131547e-01 5.9165685540e-01 6.0136239016e-01 6.1099375762e-01 6.2058217839e-01 6.3010716285e-01 6.3952911489e-01 6.4881053097e-01 6.5792453685e-01 6.6685475693e-01 6.7559149920e-01 6.8412781006e-01 6.9245696516e-01 7.0057149969e-01 7.0846322457e-01 7.1612362131e-01 7.2354422791e-01 7.3071687054e-01 7.3763374863e-01 7.4428743578e-01 7.5067085366e-01 7.5677725003e-01 7.6260018981e-01 7.6813355619e-01 7.7337155622e-01 7.7830872674e-01 7.8293993897e-01 7.8726040140e-01 7.9126566174e-01 7.9495160806e-01 7.9831446976e-01 8.0135081816e-01 8.0405756704e-01 8.0643197294e-01 8.0847163539e-01 8.1017449693e-01 8.1153884317e-01 8.1256330270e-01 8.1324684705e-01 8.1358879062e-01 8.1358879062e-01 8.1324684705e-01 8.1256330270e-01 8.1153884317e-01 8.1017449693e-01 8.0847163539e-01 8.0643197294e-01 8.0405756704e-01 8.0135081816e-01 7.9831446976e-01 7.9495160806e-01 7.9126566174e-01 7.8726040140e-01 7.8293993897e-01 7.7830872674e-01 7.7337155622e-01 7.6813355619e-01 7.6260018981e-01 7.5677725003e-01 7.5067085366e-01 7.4428743578e-01 7.3763374863e-01 7.3071687054e-01 7.2354422791e-01 7.1612362131e-01 7.0846322457e-01 7.0057149969e-01 6.9245696516e-01 6.8412781006e-01 6.7559149920e-01 6.6685475693e-01 6.5792453685e-01 6.4881053097e-01 6.3952911489e-01 6.3010716285e-01 6.2058217839e-01 6.1099375762e-01 6.0136239016e-01 5.9165685540e-01 5.8176131547e-01 5.7146492303e-01 5.6050421434e-01 5.4868329785e-01 5.3607012815e-01 5.2321446530e-01 5.1126725750e-01 5.0185147837e-01 4.9661635370e-01
5.0412432923e-01 5.0927828151e-01 5.1857274841e-01 5.3041678852e-01 5.4323344702e-01 5.5588880991e-01 5.6782228837e-01 5.7893936596e-01 5.8940735888e-01 5.9946850640e-01 6.0932314207e-01 6.1908584760e-01 6.2879198229e-01 6.3842664030e-01 6.4795464461e-01 6.5734080463e-01 6.6655873117e-01 6.7559149920e-01 6.8442858304e-01 6.9306235925e-01 7.0148573624e-01 7.0969113158e-01 7.1767037172e-01 7.2541498886e-01 7.3291655505e-01 7.4016690152e-01 7.4715821184e-01 7.5388303552e-01 7.6033427085e-01 7.6650514686e-01 7.7238921443e-01 7.7798034624e-01 7.8327274095e-01 7.8826092842e-01 7.9293977377e-01 7.9730448035e-01 8.0135059154e-01 8.0507399192e-01 8.0847090809e-01 8.1153790924e-01 8.1427190750e-01 8.1667015824e-01 8.1873026013e-01 8.2045015511e-01 8.2182812842e-01 8.2286280840e-01 8.2355316644e-01 8.2389851687e-01 8.2389851687e-01 8.2355316644e-01 8.2286280840e-01 8.2182812842e-01 8.2045015511e-01 8.1873026013e-01 8.1667015824e-01 8.1427190750e-01 8.1153790924e-01 8.0847090809e-01 8.0507399192e-01 8.0135059154e-01 7.9730448035e-01 7.9293977377e-01 7.8826092842e-01 7.8327274095e-01 7.7798034624e-01 7.7238921443e-01 7.6650514686e-01 7.6033427085e-01 7.5388303552e-01 7.4715821184e-01 7.4016690152e-01 7.3291655505e-01 7.2541498886e-01 7.1767037172e-01 7.0969113158e-01 7.0148573624e-01 6.9306235925e-01 6.8442858304e-01 6.7559149920e-01 6.6655873117e-01 6.5734080463e-01 6.4795464461e-01 6.3842664030e-01 6.2879198229e-01 6.1908584760e-01 6.0932314207e-01 5.9946850640e-01 5.8940735888e-01 5.7893936596e-01 5.6782228837e-01 5.5588880991e-01 5.4323344702e-01 5.3041678852e-01 5.1857274841e-01 5.0927828151e-01 5.0412432923e-01
5.1149405853e-01 5.1656985847e-01 5.2574677978e-01 5.3748916437e-01 5.5026414563e-01 5.6295480456e-01 5.7499122323e-01 5.8625441258e-01 5.9688488429e-01 6.0710458896e-01 6.1710338970e-01 6.2699404588e-01 6.3681529036e-01 6.4655717351e-01 6.5618860275e-01 6.6567664088e-01 6.7499548670e-01 6.8412781006e-01 6.9306235925e-01 7.0179088729e-01 7.1030593240e-01 7.1859976752e-01 7.2666420513e-01 7.3449080720e-01 7.4207116944e-01 7.4939712526e-01 7.5646084313e-01 7.6325485017e-01 7.6977202285e-01 7.7600557263e-01 7.8194903766e-01 7.8759628162e-01 7.9294149683e-01 7.9797920843e-01 8.0270427813e-01 8.0711190681e-01 8.1119763627e-01 8.1495735025e-01 8.1838727516e-01 8.2148398045e-01 8.2424437892e-01 8.2666572680e-01 8.2874562371e-01 8.3048201264e-01 8.3187317978e-01 8.3291775432e-01 8.3361470834e-01 8.3396335664e-01 8.3396335664e-01 8.3361470834e-01 8.3291775432e-01 8.3187317978e-01 8.3048201264e-01 8.2874562371e-01 8.2666572680e-01 8.2424437892e-01 8.2148398045e-01 8.1838727516e-01 8.1495735025e-01 8.1119763627e-01 8.0711190681e-01 8.0270427813e-01 7.9797920843e-01 7.9294149683e-01 7.8759628162e-01 7.8194903766e-01 7.7600557263e-01 7.6977202285e-01 7.6325485017e-01 7.5646084313e-01 7.4939712526e-01 7.4207116944e-01 7.3449080720e-01 7.2666420513e-01 7.1859976752e-01 7.1030593240e-01 7.0179088729e-01 6.9306235925e-01 6.8412781006e-01 6.7499548670e-01 6.6567664088e-01 6.5618860275e-01 6.4655717351e-01 6.3681529036e-01 6.2699404588e-01 6.1710338970e-01 6.0710458896e-01 5.9688488429e-01 5.8625441258e-01 5.7499122323e-01 5.6295480456e-01 5.5026414563e-01 5.3748916437e-01 5.2574677978e-01 5.1656985847e-01 5.1149405853e-01
5.1871626113e-01 5.2371707333e-01 5.3278057204e-01 5.4442344000e-01 5.5715494284e-01 5.6987499478e-01 5.8200567487e-01 5.9340545064e-01 6.0418970416e-01 6.1456102176e-01 6.2469890066e-01 6.3471380939e-01 6.4464718241e-01 6.5449345979e-01 6.6422532199e-01 6.7381202213e-01 6.8322843678e-01 6.9245696516e-01 7.0148573624e-01 7.1030593240e-01 7.1890972851e-01 7.2728923495e-01 7.3543622690e-01 7.4334227822e-01 7.5099899862e-01 7.5839822035e-01 7.6553209667e-01 7.7239313300e-01 7.7897418442e-01 7.8526844490e-01 7.9126943972e-01 7.9697102371e-01 8.0236738317e-01 8.0745303929e-01 8.1222285130e-01 8.1667201878e-01 8.2079608317e-01 8.2459092870e-01 8.2805278284e-01 8.3117821661e-01 8.3396414463e-01 8.3640782513e-01 8.3850685977e-01 8.4025919344e-01 8.4166311407e-01 8.4271725236e-01 8.4342058153e-01 8.4377241720e-01 8.4377241720e-01 8.4342058153e-01 8.4271725236e-01 8.4166311407e-01 8.4025919344e-01 8.3850685977e-01 8.3640782513e-01 8.3396414463e-01 8.3117821661e-01 8.2805278284e-01 8.2459092870e-01 8.2079608317e-01 8.1667201878e-01 8.1222285130e-01 8.0745303929e-01 8.0236738317e-01 7.9697102371e-01 7.9126943972e-01 7.8526844490e-01 7.7897418442e-01 7.7239313300e-01 7.6553209667e-01 7.5839822035e-01 7.5099899862e-01 7.4334227822e-01 7.3543622690e-01 7.2728923495e-01 7.1890972851e-01 7.1030593240e-01 7.0148573624e-01 6.9245696516e-01 6.8322843678e-01 6.7381202213e-01 6.6422532199e-01 6.5449345979e-01 6.4464718241e-01 6.3471380939e-01 6.2469890066e-01 6.1456102176e-01 6.0418970416e-01 5.9340545064e-01 5.8200567487e-01 5.6987499478e-01 5.5715494284e-01 5.4442344000e-01 5.3278057204e-01 5.2371707333e-01 5.1871626113e-01
5.2577519343e-01 5.3070453316e-01 5.3965944549e-01 5.5120598940e-01 5.6389351213e-01 5.7663844038e-01 5.8885599854e-01 6.0038389518e-01 6.1131398105e-01 6.2183040446e-01 6.3210246562e-01 6.4223796680e-01 6.5228045746e-01 6.6222825496e-01 6.7205751985e-01 6.8173962608e-01 6.9125020228e-01 7.0057149969e-01 7.0969113158e-01 7.1859976752e-01 7.2728923495e-01 7.3575147309e-01 7.4397820375e-01 7.5196099949e-01 7.5969147702e-01 7.6716146555e-01 7.7436310395e-01 7.8128887733e-01 7.8793162047e-01 7.9428451026e-01 8.0034105925e-01 8.0609511339e-01 8.1154085310e-01 8.1667279589e-01 8.2148579893e-01 8.2597506106e-01 8.3013612398e-01 8.3396487300e-01 8.3745753737e-01 8.4061069028e-01 8.4342124885e-01 8.4588647389e-01 8.4800396962e-01 8.4977168337e-01 8.5118790524e-01 8.5225126776e-01 8.5296074560e-01 8.5331565535e-01 8.5331565535e-01 8.5296074560e-01 8.5225126776e-01 8.5118790524e-01 8.4977168337e-01 8.4800396962e-01 8.4588647389e-01 8.4342124885e-01 8.4061069028e-01 8.3745753737e-01 8.3396487300e-01 8.3013612398e-01 8.2597506106e-01 8.2148579893e-01 8.1667279589e-01 8.1154085310e-01 8.0609511339e-01 8.0034105925e-01 7.9428451026e-01 7.8793162047e-01 7.8128887733e-01 7.7436310395e-01 7.6716146555e-01 7.5969147702e-01 7.5196099949e-01 7.4397820375e-01 7.3575147309e-01 7.2728923495e-01 7.1859976752e-01 7.0969113158e-01 7.0057149969e-01 6.9125020228e-01 6.8173962608e-01 6.7205751985e-01 6.6222825496e-01 6.5228045746e-01 6.4223796680e-01 6.3210246562e-01 6.2183040446e-01 6.1131398105e-01 6.0038389518e-01 5.8885599854e-01 5.7663844038e-01 5.6389351213e-01 5.5120598940e-01 5.3965944549e-01 5.3070453316e-01 5.2577519343e-01
5.3265560960e-01 5.3751722684e-01 5.4636888731e-01 5.5782307050e-01 5.7046709800e-01 5.8323346696e-01 5.9553154908e-01 6.0717995497e-01 6.1824853569e-01 6.2890392841e-01 6.3930545994e-01 6.4955797022e-01 6.5970660908e-01 6.6975310257e-01 6.7967681011e-01 6.8945114635e-01 6.9905254763e-01 7.0846322457e-01 7.1767037172e-01 7.2666420513e-01 7.3543622690e-01 7.4397820375e-01 7.5228179413e-01 7.6033856033e-01 7.6814012163e-01 7.7567830395e-01 7.8294523372e-01 7.8993337832e-01 7.9663555424e-01 8.0304492273e-01 8.0915498446e-01 8.1495957704e-01 8.2045287551e-01 8.2562939416e-01 8.3048398864e-01 8.3501185749e-01 8.3920854322e-01 8.4306993272e-01 8.4659225744e-01 8.4977209323e-01 8.5260636008e-01 8.5509232178e-01 8.5722758547e-01 8.5901010121e-01 8.6043816151e-01 8.6151040097e-01 8.6222579585e-01 8.6258366384e-01 8.6258366384e-01 8.6222579585e-01 8.6151040097e-01 8.6043816151e-01 8.5901010121e-01 8.5722758547e-01 8.5509232178e-01 8.5260636008e-01 8.4977209323e-01 8.4659225744e-01 8.4306993272e-01 8.3920854322e-01 8.3501185749e-01 8.3048398864e-01 8.2562939416e-01 8.2045287551e-01 8.1495957704e-01 8.0915498446e-01 8.0304492273e-01 7.9663555424e-01 7.8993337832e-01 7.8294523372e-01 7.7567830395e-01 7.6814012163e-01 7.6033856033e-01 7.5228179413e-01 7.4397820375e-01 7.3543622690e-01 7.2666420513e-01 7.1767037172e-01 7.0846322457e-01 6.9905254763e-01 6.8945114635e-01 6.7967681011e-01 6.6975310257e-01 6.5970660908e-01 6.4955797022e-01 6.3930545994e-01 6.2890392841e-01 6.1824853569e-01 6.0717995497e-01 5.9553154908e-01 5.8323346696e-01 5.7046709800e-01 5.5782307050e-01 5.4636888731e-01 5.3751722684e-01 5.3265560960e-01
5.3934559148e-01 5.4414326509e-01 5.5289713476e-01 5.6426321798e-01 5.7686471531e-01 5.8964968662e-01 6.0202254236e-01 6.1378434977e-01 6.2498442761e-01 6.3577282179e-01 6.4629915106e-01 6.5666506217e-01 6.6691685100e-01 6.7705921983e-01 6.8707445371e-01 6.9693791541e-01 7.0662688458e-01 7.1612362131e-01 7.2541498886e-01 7.3449080720e-01 7.4334227822e-01 7.5196099949e-01 7.6033856033e-01 7.6846650661e-01 7.7633645740e-01 7.8394023597e-01 7.9126995903e-01 7.9831807939e-01 8.0507739811e-01 8.1154106296e-01 8.1770256425e-01 8.2355573247e-01 8.2909473820e-01 8.3431409337e-01 8.3920865280e-01 8.4377361550e-01 8.4800452535e-01 8.5189727142e-01 8.5544808783e-01 8.5865355351e-01 8.6151059173e-01 8.6401646957e-01 8.6616879739e-01 8.6796552820e-01 8.6940495717e-01 8.7048572110e-01 8.7120679798e-01 8.7156750668e-01 8.7156750668e-01 8.7120679798e-01 8.7048572110e-01 8.6940495717e-01 8.6796552820e-01 8.6616879739e-01 8.6401646957e-01 8.6151059173e-01 8.5865355351e-01 8.5544808783e-01 8.5189727142e-01 8.4800452535e-01 8.4377361550e-01 8.3920865280e-01 8.3431409337e-01 8.2909473820e-01 8.2355573247e-01 8.1770256425e-01 8.1154106296e-01 8.0507739811e-01 7.9831807939e-01 7.9126995903e-01 7.8394023597e-01 7.7633645740e-01 7.6846650661e-01 7.6033856033e-01 7.5196099949e-01 7.4334227822e-01 7.3449080720e-01 7.2541498886e-01 7.1612362131e-01 7.0662688458e-01 6.9693791541e-01 6.8707445371e-01 6.7705921983e-01 6.6691685100e-01 6.5666506217e-01 6.4629915106e-01 6.3577282179e-01 6.2498442761e-01 6.1378434977e-01 6.0202254236e-01 5.8964968662e-01 5.7686471531e-01 5.6426321798e-01 5.5289713476e-01 5.4414326509e-01 5.3934559148e-01
